8  ,  55  ,  0  ,  48  ,  4083  ,  0  ,  0
9  ,  56  ,  0  ,  7  ,  4407  ,  0  ,  0
14  ,  61  ,  1  ,  19  ,  9975  ,  0  ,  0
24  ,  75  ,  1  ,  19  ,  9975  ,  0  ,  0
29  ,  80  ,  0  ,  51  ,  16977  ,  0  ,  0
26  ,  77  ,  1  ,  25  ,  20784  ,  0  ,  0
3  ,  50  ,  1  ,  26  ,  21872  ,  0  ,  0
1  ,  48  ,  0  ,  27  ,  22961  ,  0  ,  0
26  ,  77  ,  0  ,  40  ,  23197  ,  0  ,  0
0  ,  47  ,  0  ,  16  ,  25971  ,  0  ,  0
14  ,  61  ,  0  ,  1  ,  26768  ,  0  ,  0
24  ,  75  ,  0  ,  1  ,  26768  ,  0  ,  0
1  ,  48  ,  1  ,  39  ,  29599  ,  0  ,  0
14  ,  61  ,  1  ,  55  ,  29890  ,  0  ,  0
24  ,  75  ,  1  ,  55  ,  29890  ,  0  ,  0
15  ,  62  ,  0  ,  51  ,  30887  ,  0  ,  0
29  ,  80  ,  1  ,  51  ,  35167  ,  0  ,  0
11  ,  58  ,  0  ,  3  ,  36434  ,  0  ,  0
13  ,  60  ,  1  ,  57  ,  37416  ,  0  ,  0
13  ,  60  ,  0  ,  15  ,  38792  ,  0  ,  0
29  ,  80  ,  0  ,  33  ,  39120  ,  0  ,  0
2  ,  49  ,  1  ,  5  ,  45030  ,  0  ,  0
3  ,  50  ,  0  ,  17  ,  45249  ,  0  ,  0
2  ,  49  ,  0  ,  29  ,  46537  ,  0  ,  0
2  ,  49  ,  1  ,  32  ,  47662  ,  0  ,  0
6  ,  53  ,  0  ,  54  ,  48062  ,  0  ,  0
2  ,  49  ,  0  ,  26  ,  48622  ,  0  ,  0
6  ,  53  ,  1  ,  27  ,  49711  ,  0  ,  0
3  ,  50  ,  1  ,  56  ,  50238  ,  0  ,  0
14  ,  61  ,  0  ,  16  ,  51651  ,  0  ,  0
24  ,  75  ,  0  ,  46  ,  52196  ,  0  ,  0
3  ,  50  ,  0  ,  26  ,  52902  ,  0  ,  0
6  ,  53  ,  0  ,  30  ,  55115  ,  0  ,  0
12  ,  59  ,  1  ,  40  ,  56367  ,  0  ,  0
0  ,  47  ,  1  ,  20  ,  66703  ,  0  ,  0
13  ,  60  ,  1  ,  21  ,  66721  ,  0  ,  0
29  ,  80  ,  1  ,  24  ,  66776  ,  0  ,  0
24  ,  75  ,  1  ,  4  ,  68552  ,  0  ,  0
2  ,  49  ,  1  ,  11  ,  68680  ,  0  ,  0
2  ,  49  ,  0  ,  59  ,  71693  ,  0  ,  0
11  ,  58  ,  1  ,  47  ,  72544  ,  0  ,  0
11  ,  58  ,  0  ,  59  ,  73833  ,  0  ,  0
10  ,  57  ,  1  ,  33  ,  74430  ,  0  ,  0
24  ,  75  ,  0  ,  37  ,  74503  ,  0  ,  0
24  ,  75  ,  1  ,  19  ,  76315  ,  0  ,  0
2  ,  49  ,  1  ,  37  ,  76643  ,  0  ,  0
11  ,  58  ,  1  ,  37  ,  76643  ,  0  ,  0
2  ,  49  ,  0  ,  27  ,  82881  ,  0  ,  0
13  ,  60  ,  0  ,  51  ,  83317  ,  0  ,  0
29  ,  80  ,  0  ,  51  ,  83317  ,  0  ,  0
12  ,  59  ,  0  ,  49  ,  85421  ,  0  ,  0
24  ,  75  ,  0  ,  19  ,  90225  ,  0  ,  0
1  ,  48  ,  0  ,  59  ,  93093  ,  0  ,  0
14  ,  61  ,  1  ,  40  ,  97027  ,  0  ,  0
24  ,  75  ,  1  ,  40  ,  97027  ,  0  ,  0
2  ,  49  ,  1  ,  11  ,  97570  ,  0  ,  0
2  ,  49  ,  0  ,  35  ,  98006  ,  0  ,  0
2  ,  49  ,  1  ,  35  ,  99076  ,  0  ,  0
2  ,  49  ,  0  ,  14  ,  99764  ,  0  ,  0
2  ,  49  ,  1  ,  26  ,  101052  ,  0  ,  0
2  ,  49  ,  0  ,  53  ,  101544  ,  0  ,  0
6  ,  53  ,  1  ,  28  ,  102159  ,  0  ,  0
15  ,  62  ,  1  ,  40  ,  103447  ,  0  ,  0
11  ,  58  ,  0  ,  56  ,  104808  ,  0  ,  0
29  ,  80  ,  1  ,  34  ,  105478  ,  0  ,  0
10  ,  57  ,  0  ,  53  ,  110104  ,  0  ,  0
25  ,  76  ,  1  ,  31  ,  111843  ,  0  ,  0
3  ,  50  ,  1  ,  58  ,  112335  ,  0  ,  0
29  ,  80  ,  0  ,  49  ,  113241  ,  0  ,  0
2  ,  49  ,  1  ,  42  ,  115253  ,  0  ,  0
10  ,  57  ,  1  ,  5  ,  115650  ,  0  ,  0
3  ,  50  ,  0  ,  28  ,  116069  ,  0  ,  0
2  ,  49  ,  0  ,  42  ,  116323  ,  0  ,  0
3  ,  50  ,  1  ,  40  ,  117357  ,  0  ,  0
3  ,  50  ,  0  ,  55  ,  118700  ,  0  ,  0
14  ,  61  ,  0  ,  13  ,  119006  ,  0  ,  0
24  ,  75  ,  0  ,  40  ,  119497  ,  0  ,  0
3  ,  50  ,  1  ,  4  ,  122052  ,  0  ,  0
3  ,  50  ,  0  ,  40  ,  122707  ,  0  ,  0
15  ,  62  ,  0  ,  46  ,  126026  ,  0  ,  0
6  ,  53  ,  0  ,  12  ,  126478  ,  0  ,  0
1  ,  48  ,  1  ,  44  ,  142040  ,  0  ,  0
26  ,  77  ,  1  ,  6  ,  143489  ,  0  ,  0
9  ,  56  ,  1  ,  24  ,  144886  ,  0  ,  0
24  ,  75  ,  1  ,  2  ,  145556  ,  0  ,  0
26  ,  77  ,  0  ,  51  ,  146447  ,  0  ,  0
24  ,  75  ,  0  ,  38  ,  147281  ,  0  ,  0
6  ,  53  ,  1  ,  58  ,  161555  ,  0  ,  0
15  ,  62  ,  1  ,  1  ,  161588  ,  0  ,  0
9  ,  56  ,  0  ,  22  ,  165180  ,  0  ,  0
3  ,  50  ,  1  ,  25  ,  165234  ,  0  ,  0
3  ,  50  ,  0  ,  46  ,  165616  ,  0  ,  0
3  ,  50  ,  1  ,  46  ,  166686  ,  0  ,  0
1  ,  48  ,  0  ,  57  ,  166886  ,  0  ,  0
3  ,  50  ,  0  ,  19  ,  167265  ,  0  ,  0
25  ,  76  ,  0  ,  28  ,  173849  ,  0  ,  0
24  ,  75  ,  1  ,  35  ,  178256  ,  0  ,  0
2  ,  49  ,  1  ,  41  ,  178365  ,  0  ,  0
0  ,  47  ,  0  ,  37  ,  182573  ,  0  ,  0
0  ,  47  ,  1  ,  31  ,  185673  ,  0  ,  0
14  ,  61  ,  1  ,  41  ,  185855  ,  0  ,  0
0  ,  47  ,  0  ,  8  ,  190605  ,  0  ,  0
8  ,  55  ,  1  ,  8  ,  190605  ,  0  ,  0
12  ,  59  ,  1  ,  56  ,  197898  ,  0  ,  0
29  ,  80  ,  1  ,  13  ,  198186  ,  0  ,  0
1  ,  48  ,  1  ,  53  ,  201054  ,  0  ,  0
12  ,  59  ,  0  ,  11  ,  202430  ,  0  ,  0
13  ,  60  ,  1  ,  55  ,  203230  ,  0  ,  0
10  ,  57  ,  0  ,  19  ,  203645  ,  0  ,  0
3  ,  50  ,  1  ,  53  ,  207474  ,  0  ,  0
3  ,  50  ,  0  ,  44  ,  208380  ,  0  ,  0
2  ,  49  ,  0  ,  47  ,  209504  ,  0  ,  0
2  ,  49  ,  1  ,  36  ,  210374  ,  0  ,  0
2  ,  49  ,  0  ,  0  ,  210790  ,  0  ,  0
3  ,  50  ,  1  ,  41  ,  211535  ,  0  ,  0
3  ,  50  ,  0  ,  2  ,  211896  ,  0  ,  0
2  ,  49  ,  1  ,  12  ,  212078  ,  0  ,  0
13  ,  60  ,  0  ,  31  ,  212423  ,  0  ,  0
29  ,  80  ,  0  ,  31  ,  212423  ,  0  ,  0
2  ,  49  ,  0  ,  42  ,  212623  ,  0  ,  0
15  ,  62  ,  0  ,  16  ,  213221  ,  0  ,  0
2  ,  49  ,  1  ,  48  ,  213803  ,  0  ,  0
6  ,  53  ,  0  ,  1  ,  214018  ,  0  ,  0
0  ,  47  ,  1  ,  2  ,  214036  ,  0  ,  0
2  ,  49  ,  0  ,  18  ,  214327  ,  0  ,  0
14  ,  61  ,  0  ,  17  ,  220729  ,  0  ,  0
24  ,  75  ,  0  ,  53  ,  221384  ,  0  ,  0
29  ,  80  ,  1  ,  40  ,  243617  ,  0  ,  0
13  ,  60  ,  1  ,  46  ,  244796  ,  0  ,  0
11  ,  58  ,  1  ,  55  ,  251380  ,  0  ,  0
10  ,  57  ,  1  ,  28  ,  254099  ,  0  ,  0
8  ,  55  ,  0  ,  44  ,  257600  ,  0  ,  0
13  ,  60  ,  0  ,  49  ,  258761  ,  0  ,  0
29  ,  80  ,  0  ,  49  ,  258761  ,  0  ,  0
0  ,  47  ,  0  ,  7  ,  260137  ,  0  ,  0
1  ,  48  ,  0  ,  42  ,  271474  ,  0  ,  0
24  ,  75  ,  1  ,  20  ,  275353  ,  0  ,  0
2  ,  49  ,  1  ,  48  ,  275863  ,  0  ,  0
2  ,  49  ,  0  ,  27  ,  276551  ,  0  ,  0
2  ,  49  ,  1  ,  15  ,  277402  ,  0  ,  0
2  ,  49  ,  0  ,  54  ,  278112  ,  0  ,  0
29  ,  80  ,  1  ,  10  ,  279451  ,  0  ,  0
11  ,  58  ,  0  ,  15  ,  279542  ,  0  ,  0
10  ,  57  ,  0  ,  3  ,  281464  ,  0  ,  0
12  ,  59  ,  1  ,  14  ,  281664  ,  0  ,  0
0  ,  47  ,  1  ,  49  ,  282301  ,  0  ,  0
12  ,  59  ,  0  ,  2  ,  283586  ,  0  ,  0
29  ,  80  ,  0  ,  7  ,  283677  ,  0  ,  0
6  ,  53  ,  1  ,  28  ,  284059  ,  0  ,  0
15  ,  62  ,  1  ,  4  ,  288972  ,  0  ,  0
3  ,  50  ,  1  ,  17  ,  291349  ,  0  ,  0
3  ,  50  ,  0  ,  50  ,  291949  ,  0  ,  0
24  ,  75  ,  0  ,  44  ,  293980  ,  0  ,  0
15  ,  62  ,  0  ,  58  ,  295305  ,  0  ,  0
6  ,  53  ,  0  ,  25  ,  295774  ,  0  ,  0
10  ,  57  ,  1  ,  4  ,  296462  ,  0  ,  0
8  ,  55  ,  1  ,  27  ,  296881  ,  0  ,  0
6  ,  53  ,  1  ,  46  ,  311136  ,  0  ,  0
15  ,  62  ,  1  ,  46  ,  311136  ,  0  ,  0
3  ,  50  ,  1  ,  41  ,  315325  ,  0  ,  0
3  ,  50  ,  0  ,  59  ,  315653  ,  0  ,  0
15  ,  62  ,  0  ,  25  ,  318244  ,  0  ,  0
25  ,  76  ,  1  ,  35  ,  318426  ,  0  ,  0
6  ,  53  ,  0  ,  43  ,  318572  ,  0  ,  0
25  ,  76  ,  0  ,  20  ,  319223  ,  0  ,  0
9  ,  56  ,  1  ,  0  ,  321000  ,  0  ,  0
6  ,  53  ,  1  ,  58  ,  334895  ,  0  ,  0
15  ,  62  ,  1  ,  1  ,  334928  ,  0  ,  0
8  ,  55  ,  0  ,  25  ,  335364  ,  0  ,  0
9  ,  56  ,  0  ,  1  ,  338138  ,  0  ,  0
11  ,  58  ,  1  ,  22  ,  342800  ,  0  ,  0
29  ,  80  ,  1  ,  43  ,  343182  ,  0  ,  0
11  ,  58  ,  0  ,  51  ,  343327  ,  0  ,  0
3  ,  50  ,  1  ,  6  ,  343579  ,  0  ,  0
1  ,  48  ,  1  ,  8  ,  345755  ,  0  ,  0
29  ,  80  ,  0  ,  21  ,  345992  ,  0  ,  0
29  ,  80  ,  1  ,  27  ,  346101  ,  0  ,  0
11  ,  58  ,  1  ,  36  ,  346264  ,  0  ,  0
11  ,  58  ,  0  ,  47  ,  346464  ,  0  ,  0
3  ,  50  ,  0  ,  9  ,  347913  ,  0  ,  0
3  ,  50  ,  1  ,  28  ,  348259  ,  0  ,  0
1  ,  48  ,  0  ,  41  ,  348495  ,  0  ,  0
3  ,  50  ,  0  ,  37  ,  349493  ,  0  ,  0
3  ,  50  ,  1  ,  58  ,  349875  ,  0  ,  0
14  ,  61  ,  1  ,  17  ,  351269  ,  0  ,  0
24  ,  75  ,  1  ,  17  ,  351269  ,  0  ,  0
1  ,  48  ,  1  ,  41  ,  352775  ,  0  ,  0
0  ,  47  ,  0  ,  53  ,  352994  ,  0  ,  0
29  ,  80  ,  0  ,  9  ,  353263  ,  0  ,  0
1  ,  48  ,  0  ,  56  ,  354118  ,  0  ,  0
1  ,  48  ,  1  ,  23  ,  356728  ,  0  ,  0
1  ,  48  ,  0  ,  26  ,  357852  ,  0  ,  0
12  ,  59  ,  1  ,  26  ,  364272  ,  0  ,  0
13  ,  60  ,  1  ,  27  ,  364291  ,  0  ,  0
29  ,  80  ,  1  ,  30  ,  364345  ,  0  ,  0
10  ,  57  ,  0  ,  15  ,  365142  ,  0  ,  0
13  ,  60  ,  0  ,  18  ,  366267  ,  0  ,  0
29  ,  80  ,  0  ,  18  ,  366267  ,  0  ,  0
12  ,  59  ,  0  ,  14  ,  367264  ,  0  ,  0
1  ,  48  ,  1  ,  52  ,  370095  ,  0  ,  0
3  ,  50  ,  0  ,  16  ,  376931  ,  0  ,  0
3  ,  50  ,  1  ,  55  ,  377640  ,  0  ,  0
14  ,  61  ,  0  ,  29  ,  378237  ,  0  ,  0
3  ,  50  ,  0  ,  46  ,  378546  ,  0  ,  0
24  ,  75  ,  0  ,  5  ,  378870  ,  0  ,  0
14  ,  61  ,  1  ,  47  ,  384984  ,  0  ,  0
24  ,  75  ,  1  ,  47  ,  384984  ,  0  ,  0
2  ,  49  ,  1  ,  31  ,  388973  ,  0  ,  0
2  ,  49  ,  0  ,  49  ,  389301  ,  0  ,  0
14  ,  61  ,  0  ,  38  ,  392311  ,  0  ,  0
24  ,  75  ,  0  ,  59  ,  392693  ,  0  ,  0
29  ,  80  ,  1  ,  9  ,  398203  ,  0  ,  0
13  ,  60  ,  1  ,  45  ,  399928  ,  0  ,  0
6  ,  53  ,  0  ,  9  ,  405693  ,  0  ,  0
15  ,  62  ,  0  ,  9  ,  405693  ,  0  ,  0
13  ,  60  ,  0  ,  21  ,  405912  ,  0  ,  0
11  ,  58  ,  1  ,  30  ,  406075  ,  0  ,  0
8  ,  55  ,  1  ,  42  ,  407364  ,  0  ,  0
29  ,  80  ,  0  ,  21  ,  414472  ,  0  ,  0
6  ,  53  ,  1  ,  36  ,  415814  ,  0  ,  0
3  ,  50  ,  1  ,  0  ,  416230  ,  0  ,  0
8  ,  55  ,  0  ,  55  ,  418300  ,  0  ,  0
10  ,  57  ,  1  ,  8  ,  419585  ,  0  ,  0
3  ,  50  ,  0  ,  48  ,  422453  ,  0  ,  0
25  ,  76  ,  1  ,  51  ,  425717  ,  0  ,  0
6  ,  53  ,  0  ,  21  ,  426242  ,  0  ,  0
25  ,  76  ,  0  ,  12  ,  427148  ,  0  ,  0
14  ,  61  ,  1  ,  38  ,  427621  ,  0  ,  0
24  ,  75  ,  1  ,  38  ,  427621  ,  0  ,  0
2  ,  49  ,  1  ,  9  ,  428163  ,  0  ,  0
2  ,  49  ,  0  ,  48  ,  428873  ,  0  ,  0
26  ,  77  ,  1  ,  2  ,  430176  ,  0  ,  0
26  ,  77  ,  0  ,  8  ,  431355  ,  0  ,  0
0  ,  47  ,  1  ,  54  ,  433262  ,  0  ,  0
1  ,  48  ,  0  ,  54  ,  434332  ,  0  ,  0
0  ,  47  ,  0  ,  57  ,  434386  ,  0  ,  0
2  ,  49  ,  1  ,  54  ,  435402  ,  0  ,  0
1  ,  48  ,  1  ,  48  ,  437433  ,  0  ,  0
0  ,  47  ,  1  ,  57  ,  437596  ,  0  ,  0
1  ,  48  ,  0  ,  51  ,  438557  ,  0  ,  0
0  ,  47  ,  0  ,  9  ,  438863  ,  0  ,  0
9  ,  56  ,  1  ,  52  ,  440715  ,  0  ,  0
6  ,  53  ,  1  ,  15  ,  444322  ,  0  ,  0
15  ,  62  ,  1  ,  21  ,  444432  ,  0  ,  0
1  ,  48  ,  1  ,  30  ,  445665  ,  0  ,  0
3  ,  50  ,  1  ,  51  ,  447117  ,  0  ,  0
11  ,  58  ,  0  ,  5  ,  447350  ,  0  ,  0
3  ,  50  ,  0  ,  30  ,  447805  ,  0  ,  0
8  ,  55  ,  1  ,  50  ,  448169  ,  0  ,  0
3  ,  50  ,  1  ,  27  ,  449891  ,  0  ,  0
0  ,  47  ,  1  ,  37  ,  450073  ,  0  ,  0
3  ,  50  ,  0  ,  47  ,  451324  ,  0  ,  0
10  ,  57  ,  0  ,  57  ,  452576  ,  0  ,  0
3  ,  50  ,  1  ,  51  ,  453537  ,  0  ,  0
26  ,  77  ,  1  ,  53  ,  454644  ,  0  ,  0
3  ,  50  ,  0  ,  32  ,  455332  ,  0  ,  0
2  ,  49  ,  0  ,  45  ,  455568  ,  0  ,  0
10  ,  57  ,  1  ,  17  ,  456129  ,  0  ,  0
10  ,  57  ,  0  ,  6  ,  458069  ,  0  ,  0
3  ,  50  ,  1  ,  8  ,  458105  ,  0  ,  0
14  ,  61  ,  0  ,  17  ,  458269  ,  0  ,  0
26  ,  77  ,  0  ,  8  ,  459175  ,  0  ,  0
3  ,  50  ,  0  ,  29  ,  461697  ,  0  ,  0
24  ,  75  ,  0  ,  26  ,  462712  ,  0  ,  0
10  ,  57  ,  1  ,  14  ,  465704  ,  0  ,  0
15  ,  62  ,  0  ,  21  ,  465832  ,  0  ,  0
6  ,  53  ,  0  ,  24  ,  466956  ,  0  ,  0
6  ,  53  ,  1  ,  45  ,  476968  ,  0  ,  0
3  ,  50  ,  1  ,  8  ,  477365  ,  0  ,  0
3  ,  50  ,  0  ,  50  ,  480269  ,  0  ,  0
6  ,  53  ,  0  ,  15  ,  482842  ,  0  ,  0
25  ,  76  ,  1  ,  53  ,  485674  ,  0  ,  0
25  ,  76  ,  0  ,  44  ,  486580  ,  0  ,  0
24  ,  75  ,  1  ,  53  ,  502794  ,  0  ,  0
2  ,  49  ,  1  ,  5  ,  502990  ,  0  ,  0
6  ,  53  ,  1  ,  33  ,  504570  ,  0  ,  0
15  ,  62  ,  1  ,  33  ,  504570  ,  0  ,  0
9  ,  56  ,  0  ,  27  ,  505531  ,  0  ,  0
13  ,  60  ,  1  ,  21  ,  506492  ,  0  ,  0
29  ,  80  ,  1  ,  21  ,  506492  ,  0  ,  0
6  ,  53  ,  0  ,  45  ,  509068  ,  0  ,  0
15  ,  62  ,  0  ,  45  ,  509068  ,  0  ,  0
2  ,  49  ,  0  ,  56  ,  509268  ,  0  ,  0
24  ,  75  ,  0  ,  44  ,  512260  ,  0  ,  0
8  ,  55  ,  0  ,  9  ,  512693  ,  0  ,  0
8  ,  55  ,  1  ,  40  ,  516467  ,  0  ,  0
0  ,  47  ,  0  ,  16  ,  517101  ,  0  ,  0
0  ,  47  ,  1  ,  45  ,  517628  ,  0  ,  0
8  ,  55  ,  0  ,  37  ,  518553  ,  0  ,  0
6  ,  53  ,  1  ,  27  ,  519441  ,  0  ,  0
3  ,  50  ,  1  ,  43  ,  519732  ,  0  ,  0
0  ,  47  ,  0  ,  1  ,  523248  ,  0  ,  0
0  ,  47  ,  1  ,  30  ,  523775  ,  0  ,  0
26  ,  77  ,  1  ,  28  ,  524809  ,  0  ,  0
26  ,  77  ,  0  ,  7  ,  525497  ,  0  ,  0
0  ,  47  ,  0  ,  40  ,  526097  ,  0  ,  0
12  ,  59  ,  1  ,  8  ,  529795  ,  0  ,  0
12  ,  59  ,  0  ,  14  ,  536324  ,  0  ,  0
1  ,  48  ,  0  ,  3  ,  537194  ,  0  ,  0
1  ,  48  ,  1  ,  33  ,  539880  ,  0  ,  0
14  ,  61  ,  1  ,  41  ,  541095  ,  0  ,  0
24  ,  75  ,  1  ,  41  ,  541095  ,  0  ,  0
2  ,  49  ,  1  ,  13  ,  541656  ,  0  ,  0
1  ,  48  ,  0  ,  18  ,  541747  ,  0  ,  0
13  ,  60  ,  0  ,  0  ,  542490  ,  0  ,  0
29  ,  80  ,  0  ,  0  ,  542490  ,  0  ,  0
2  ,  49  ,  0  ,  22  ,  542890  ,  0  ,  0
2  ,  49  ,  1  ,  43  ,  548622  ,  0  ,  0
6  ,  53  ,  0  ,  30  ,  552665  ,  0  ,  0
10  ,  57  ,  0  ,  11  ,  556600  ,  0  ,  0
3  ,  50  ,  0  ,  36  ,  565614  ,  0  ,  0
14  ,  61  ,  0  ,  17  ,  569549  ,  0  ,  0
2  ,  49  ,  0  ,  6  ,  570419  ,  0  ,  0
2  ,  49  ,  1  ,  53  ,  573414  ,  0  ,  0
2  ,  49  ,  0  ,  11  ,  574790  ,  0  ,  0
24  ,  75  ,  0  ,  38  ,  576351  ,  0  ,  0
8  ,  55  ,  1  ,  58  ,  578855  ,  0  ,  0
24  ,  75  ,  1  ,  26  ,  579342  ,  0  ,  0
2  ,  49  ,  1  ,  32  ,  579452  ,  0  ,  0
2  ,  49  ,  0  ,  35  ,  580576  ,  0  ,  0
24  ,  75  ,  0  ,  2  ,  582116  ,  0  ,  0
1  ,  48  ,  1  ,  16  ,  593071  ,  0  ,  0
11  ,  58  ,  1  ,  45  ,  607508  ,  0  ,  0
11  ,  58  ,  0  ,  18  ,  608087  ,  0  ,  0
8  ,  55  ,  0  ,  52  ,  608705  ,  0  ,  0
11  ,  58  ,  1  ,  41  ,  609575  ,  0  ,  0
0  ,  47  ,  1  ,  56  ,  609848  ,  0  ,  0
29  ,  80  ,  1  ,  23  ,  610318  ,  0  ,  0
11  ,  58  ,  0  ,  30  ,  610445  ,  0  ,  0
0  ,  47  ,  0  ,  26  ,  613583  ,  0  ,  0
0  ,  47  ,  1  ,  31  ,  613673  ,  0  ,  0
0  ,  47  ,  0  ,  13  ,  615486  ,  0  ,  0
0  ,  47  ,  1  ,  56  ,  617338  ,  0  ,  0
11  ,  58  ,  1  ,  53  ,  618354  ,  0  ,  0
0  ,  47  ,  0  ,  29  ,  618987  ,  0  ,  0
11  ,  58  ,  0  ,  29  ,  618987  ,  0  ,  0
0  ,  47  ,  1  ,  1  ,  619548  ,  0  ,  0
14  ,  61  ,  1  ,  41  ,  621345  ,  0  ,  0
24  ,  75  ,  1  ,  41  ,  621345  ,  0  ,  0
0  ,  47  ,  0  ,  57  ,  621636  ,  0  ,  0
2  ,  49  ,  1  ,  8  ,  621815  ,  0  ,  0
2  ,  49  ,  0  ,  44  ,  622470  ,  0  ,  0
0  ,  47  ,  1  ,  52  ,  622615  ,  0  ,  0
29  ,  80  ,  0  ,  53  ,  623704  ,  0  ,  0
0  ,  47  ,  0  ,  36  ,  624464  ,  0  ,  0
1  ,  48  ,  0  ,  57  ,  628056  ,  0  ,  0
11  ,  58  ,  1  ,  28  ,  633949  ,  0  ,  0
11  ,  58  ,  0  ,  51  ,  634367  ,  0  ,  0
1  ,  48  ,  1  ,  0  ,  634510  ,  0  ,  0
10  ,  57  ,  1  ,  42  ,  635274  ,  0  ,  0
10  ,  57  ,  0  ,  58  ,  638775  ,  0  ,  0
0  ,  47  ,  1  ,  18  ,  639117  ,  0  ,  0
6  ,  53  ,  1  ,  35  ,  647986  ,  0  ,  0
3  ,  50  ,  1  ,  1  ,  648438  ,  0  ,  0
3  ,  50  ,  0  ,  40  ,  649147  ,  0  ,  0
14  ,  61  ,  0  ,  52  ,  650435  ,  0  ,  0
15  ,  62  ,  1  ,  11  ,  650760  ,  0  ,  0
24  ,  75  ,  0  ,  16  ,  650851  ,  0  ,  0
15  ,  62  ,  0  ,  2  ,  652736  ,  0  ,  0
6  ,  53  ,  0  ,  29  ,  653227  ,  0  ,  0
24  ,  75  ,  1  ,  43  ,  667392  ,  0  ,  0
2  ,  49  ,  1  ,  47  ,  667464  ,  0  ,  0
2  ,  49  ,  0  ,  20  ,  669113  ,  0  ,  0
24  ,  75  ,  0  ,  40  ,  670547  ,  0  ,  0
10  ,  57  ,  1  ,  21  ,  676622  ,  0  ,  0
24  ,  75  ,  1  ,  49  ,  677131  ,  0  ,  0
2  ,  49  ,  1  ,  56  ,  677258  ,  0  ,  0
2  ,  49  ,  0  ,  20  ,  678743  ,  0  ,  0
29  ,  80  ,  1  ,  34  ,  678998  ,  0  ,  0
13  ,  60  ,  1  ,  40  ,  679107  ,  0  ,  0
24  ,  75  ,  0  ,  52  ,  680395  ,  0  ,  0
6  ,  53  ,  1  ,  22  ,  686270  ,  0  ,  0
15  ,  62  ,  1  ,  22  ,  686270  ,  0  ,  0
11  ,  58  ,  1  ,  4  ,  687012  ,  0  ,  0
13  ,  60  ,  0  ,  49  ,  694251  ,  0  ,  0
29  ,  80  ,  0  ,  49  ,  694251  ,  0  ,  0
24  ,  75  ,  1  ,  37  ,  695103  ,  0  ,  0
14  ,  61  ,  1  ,  40  ,  695157  ,  0  ,  0
0  ,  47  ,  0  ,  51  ,  695357  ,  0  ,  0
1  ,  48  ,  0  ,  25  ,  695954  ,  0  ,  0
14  ,  61  ,  0  ,  16  ,  696861  ,  0  ,  0
0  ,  47  ,  1  ,  45  ,  699528  ,  0  ,  0
0  ,  47  ,  0  ,  15  ,  701122  ,  0  ,  0
0  ,  47  ,  1  ,  40  ,  701577  ,  0  ,  0
24  ,  75  ,  0  ,  52  ,  702865  ,  0  ,  0
8  ,  55  ,  1  ,  13  ,  706436  ,  0  ,  0
0  ,  47  ,  0  ,  29  ,  708867  ,  0  ,  0
14  ,  61  ,  1  ,  24  ,  713056  ,  0  ,  0
24  ,  75  ,  1  ,  24  ,  713056  ,  0  ,  0
0  ,  47  ,  1  ,  26  ,  715233  ,  0  ,  0
11  ,  58  ,  0  ,  0  ,  717970  ,  0  ,  0
9  ,  56  ,  1  ,  14  ,  718224  ,  0  ,  0
29  ,  80  ,  1  ,  52  ,  718915  ,  0  ,  0
12  ,  59  ,  1  ,  43  ,  719822  ,  0  ,  0
10  ,  57  ,  0  ,  33  ,  721780  ,  0  ,  0
2  ,  49  ,  1  ,  53  ,  722144  ,  0  ,  0
12  ,  59  ,  0  ,  10  ,  722431  ,  0  ,  0
6  ,  53  ,  0  ,  16  ,  722541  ,  0  ,  0
15  ,  62  ,  0  ,  16  ,  722541  ,  0  ,  0
2  ,  49  ,  0  ,  41  ,  722995  ,  0  ,  0
2  ,  49  ,  1  ,  8  ,  723465  ,  0  ,  0
1  ,  48  ,  1  ,  33  ,  723920  ,  0  ,  0
29  ,  80  ,  0  ,  4  ,  726602  ,  0  ,  0
6  ,  53  ,  1  ,  34  ,  732498  ,  0  ,  0
6  ,  53  ,  0  ,  40  ,  734747  ,  0  ,  0
14  ,  61  ,  0  ,  22  ,  736560  ,  0  ,  0
10  ,  57  ,  1  ,  48  ,  739173  ,  0  ,  0
25  ,  76  ,  1  ,  47  ,  745574  ,  0  ,  0
25  ,  76  ,  0  ,  44  ,  747660  ,  0  ,  0
2  ,  49  ,  0  ,  30  ,  748475  ,  0  ,  0
24  ,  75  ,  0  ,  43  ,  750852  ,  0  ,  0
9  ,  56  ,  0  ,  14  ,  774934  ,  0  ,  0
8  ,  55  ,  0  ,  37  ,  777493  ,  0  ,  0
14  ,  61  ,  1  ,  18  ,  785707  ,  0  ,  0
24  ,  75  ,  1  ,  18  ,  785707  ,  0  ,  0
2  ,  49  ,  1  ,  49  ,  786271  ,  0  ,  0
2  ,  49  ,  0  ,  40  ,  787177  ,  0  ,  0
2  ,  49  ,  1  ,  37  ,  788193  ,  0  ,  0
2  ,  49  ,  0  ,  31  ,  789153  ,  0  ,  0
2  ,  49  ,  1  ,  55  ,  790660  ,  0  ,  0
0  ,  47  ,  0  ,  40  ,  791457  ,  0  ,  0
2  ,  49  ,  0  ,  40  ,  791457  ,  0  ,  0
1  ,  48  ,  0  ,  8  ,  793015  ,  0  ,  0
2  ,  49  ,  1  ,  16  ,  793161  ,  0  ,  0
2  ,  49  ,  0  ,  52  ,  794885  ,  0  ,  0
6  ,  53  ,  1  ,  43  ,  795792  ,  0  ,  0
3  ,  50  ,  1  ,  18  ,  796407  ,  0  ,  0
12  ,  59  ,  1  ,  27  ,  801921  ,  0  ,  0
12  ,  59  ,  0  ,  34  ,  804188  ,  0  ,  0
10  ,  57  ,  0  ,  59  ,  807853  ,  0  ,  0
6  ,  53  ,  0  ,  27  ,  810481  ,  0  ,  0
6  ,  53  ,  1  ,  46  ,  810826  ,  0  ,  0
14  ,  61  ,  0  ,  33  ,  813800  ,  0  ,  0
24  ,  75  ,  0  ,  3  ,  814324  ,  0  ,  0
15  ,  62  ,  1  ,  19  ,  817825  ,  0  ,  0
3  ,  50  ,  0  ,  29  ,  818007  ,  0  ,  0
1  ,  48  ,  1  ,  3  ,  818604  ,  0  ,  0
15  ,  62  ,  0  ,  9  ,  819783  ,  0  ,  0
6  ,  53  ,  0  ,  6  ,  820799  ,  0  ,  0
10  ,  57  ,  1  ,  12  ,  825188  ,  0  ,  0
0  ,  47  ,  1  ,  48  ,  831193  ,  0  ,  0
0  ,  47  ,  0  ,  3  ,  831444  ,  0  ,  0
0  ,  47  ,  1  ,  33  ,  831990  ,  0  ,  0
0  ,  47  ,  0  ,  48  ,  832263  ,  0  ,  0
0  ,  47  ,  1  ,  27  ,  832951  ,  0  ,  0
0  ,  47  ,  0  ,  48  ,  833333  ,  0  ,  0
0  ,  47  ,  1  ,  36  ,  834184  ,  0  ,  0
0  ,  47  ,  0  ,  0  ,  835670  ,  0  ,  0
0  ,  47  ,  1  ,  18  ,  838137  ,  0  ,  0
8  ,  55  ,  1  ,  28  ,  852229  ,  0  ,  0
6  ,  53  ,  1  ,  33  ,  852320  ,  0  ,  0
15  ,  62  ,  1  ,  36  ,  852374  ,  0  ,  0
12  ,  59  ,  1  ,  51  ,  852647  ,  0  ,  0
24  ,  75  ,  1  ,  18  ,  860607  ,  0  ,  0
14  ,  61  ,  1  ,  30  ,  860825  ,  0  ,  0
2  ,  49  ,  1  ,  31  ,  862983  ,  0  ,  0
1  ,  48  ,  0  ,  41  ,  864235  ,  0  ,  0
14  ,  61  ,  0  ,  30  ,  865105  ,  0  ,  0
12  ,  59  ,  0  ,  42  ,  867464  ,  0  ,  0
1  ,  48  ,  1  ,  40  ,  869567  ,  0  ,  0
0  ,  47  ,  0  ,  7  ,  870037  ,  0  ,  0
0  ,  47  ,  1  ,  31  ,  870473  ,  0  ,  0
26  ,  77  ,  1  ,  5  ,  871071  ,  0  ,  0
26  ,  77  ,  0  ,  29  ,  872577  ,  0  ,  0
14  ,  61  ,  1  ,  42  ,  872814  ,  0  ,  0
1  ,  48  ,  0  ,  43  ,  872832  ,  0  ,  0
0  ,  47  ,  0  ,  37  ,  874863  ,  0  ,  0
14  ,  61  ,  0  ,  48  ,  875063  ,  0  ,  0
6  ,  53  ,  0  ,  27  ,  887521  ,  0  ,  0
15  ,  62  ,  0  ,  27  ,  887521  ,  0  ,  0
0  ,  47  ,  1  ,  53  ,  890134  ,  0  ,  0
10  ,  57  ,  0  ,  5  ,  890331  ,  0  ,  0
10  ,  57  ,  1  ,  44  ,  891040  ,  0  ,  0
10  ,  57  ,  0  ,  6  ,  891419  ,  0  ,  0
1  ,  48  ,  1  ,  33  ,  892980  ,  0  ,  0
1  ,  48  ,  0  ,  54  ,  893362  ,  0  ,  0
24  ,  75  ,  0  ,  24  ,  894956  ,  0  ,  0
1  ,  48  ,  1  ,  12  ,  895808  ,  0  ,  0
1  ,  48  ,  0  ,  24  ,  896026  ,  0  ,  0
24  ,  75  ,  1  ,  57  ,  898766  ,  0  ,  0
6  ,  53  ,  1  ,  57  ,  900906  ,  0  ,  0
2  ,  49  ,  0  ,  1  ,  900958  ,  0  ,  0
24  ,  75  ,  0  ,  33  ,  903680  ,  0  ,  0
6  ,  53  ,  0  ,  27  ,  904641  ,  0  ,  0
14  ,  61  ,  1  ,  24  ,  905656  ,  0  ,  0
24  ,  75  ,  1  ,  24  ,  905656  ,  0  ,  0
2  ,  49  ,  1  ,  5  ,  909591  ,  0  ,  0
2  ,  49  ,  0  ,  26  ,  909973  ,  0  ,  0
14  ,  61  ,  0  ,  15  ,  912982  ,  0  ,  0
24  ,  75  ,  0  ,  36  ,  913364  ,  0  ,  0
25  ,  76  ,  1  ,  56  ,  921218  ,  0  ,  0
14  ,  61  ,  1  ,  6  ,  926729  ,  0  ,  0
24  ,  75  ,  1  ,  6  ,  926729  ,  0  ,  0
2  ,  49  ,  1  ,  58  ,  935165  ,  0  ,  0
2  ,  49  ,  0  ,  22  ,  935580  ,  0  ,  0
14  ,  61  ,  0  ,  27  ,  938881  ,  0  ,  0
24  ,  75  ,  0  ,  48  ,  939263  ,  0  ,  0
25  ,  76  ,  0  ,  58  ,  943725  ,  0  ,  0
29  ,  80  ,  1  ,  30  ,  945355  ,  0  ,  0
13  ,  60  ,  1  ,  15  ,  946152  ,  0  ,  0
8  ,  55  ,  0  ,  37  ,  948693  ,  0  ,  0
0  ,  47  ,  0  ,  11  ,  949290  ,  0  ,  0
11  ,  58  ,  1  ,  8  ,  952445  ,  0  ,  0
14  ,  61  ,  1  ,  15  ,  954712  ,  0  ,  0
24  ,  75  ,  1  ,  15  ,  954712  ,  0  ,  0
1  ,  48  ,  1  ,  38  ,  956201  ,  0  ,  0
6  ,  53  ,  1  ,  54  ,  957562  ,  0  ,  0
15  ,  62  ,  1  ,  33  ,  958250  ,  0  ,  0
11  ,  58  ,  0  ,  2  ,  958756  ,  0  ,  0
29  ,  80  ,  0  ,  8  ,  959935  ,  0  ,  0
13  ,  60  ,  0  ,  9  ,  959953  ,  0  ,  0
2  ,  49  ,  1  ,  43  ,  965922  ,  0  ,  0
3  ,  50  ,  1  ,  40  ,  968007  ,  0  ,  0
3  ,  50  ,  0  ,  40  ,  969077  ,  0  ,  0
2  ,  49  ,  0  ,  7  ,  969547  ,  0  ,  0
15  ,  62  ,  0  ,  14  ,  972884  ,  0  ,  0
6  ,  53  ,  0  ,  41  ,  973375  ,  0  ,  0
6  ,  53  ,  1  ,  59  ,  973703  ,  0  ,  0
15  ,  62  ,  1  ,  2  ,  973736  ,  0  ,  0
14  ,  61  ,  0  ,  21  ,  974082  ,  0  ,  0
24  ,  75  ,  0  ,  45  ,  974518  ,  0  ,  0
3  ,  50  ,  1  ,  33  ,  978580  ,  0  ,  0
3  ,  50  ,  0  ,  57  ,  979016  ,  0  ,  0
15  ,  62  ,  0  ,  44  ,  981990  ,  0  ,  0
6  ,  53  ,  0  ,  8  ,  982405  ,  0  ,  0
0  ,  47  ,  1  ,  9  ,  985633  ,  0  ,  0
12  ,  59  ,  1  ,  42  ,  1007634  ,  0  ,  0
25  ,  76  ,  1  ,  42  ,  1010844  ,  0  ,  0
25  ,  76  ,  0  ,  30  ,  1011695  ,  0  ,  0
25  ,  76  ,  1  ,  57  ,  1012186  ,  0  ,  0
6  ,  53  ,  1  ,  2  ,  1012256  ,  0  ,  0
15  ,  62  ,  1  ,  2  ,  1012256  ,  0  ,  0
14  ,  61  ,  1  ,  48  ,  1013093  ,  0  ,  0
24  ,  75  ,  1  ,  48  ,  1013093  ,  0  ,  0
25  ,  76  ,  0  ,  48  ,  1013093  ,  0  ,  0
14  ,  61  ,  0  ,  9  ,  1015593  ,  0  ,  0
24  ,  75  ,  0  ,  9  ,  1015593  ,  0  ,  0
12  ,  59  ,  0  ,  45  ,  1016248  ,  0  ,  0
1  ,  48  ,  0  ,  11  ,  1017770  ,  0  ,  0
1  ,  48  ,  1  ,  13  ,  1022086  ,  0  ,  0
0  ,  47  ,  0  ,  2  ,  1024026  ,  0  ,  0
1  ,  48  ,  0  ,  34  ,  1024608  ,  0  ,  0
8  ,  55  ,  1  ,  34  ,  1026748  ,  0  ,  0
12  ,  59  ,  1  ,  57  ,  1038936  ,  0  ,  0
10  ,  57  ,  1  ,  5  ,  1041201  ,  0  ,  0
10  ,  57  ,  0  ,  26  ,  1041583  ,  0  ,  0
10  ,  57  ,  1  ,  15  ,  1042452  ,  0  ,  0
10  ,  57  ,  0  ,  41  ,  1042925  ,  0  ,  0
10  ,  57  ,  1  ,  27  ,  1043741  ,  0  ,  0
10  ,  57  ,  0  ,  44  ,  1044050  ,  0  ,  0
1  ,  48  ,  1  ,  42  ,  1045084  ,  0  ,  0
12  ,  59  ,  0  ,  33  ,  1047060  ,  0  ,  0
6  ,  53  ,  0  ,  41  ,  1051485  ,  0  ,  0
15  ,  62  ,  0  ,  41  ,  1051485  ,  0  ,  0
1  ,  48  ,  0  ,  33  ,  1053480  ,  0  ,  0
0  ,  47  ,  1  ,  2  ,  1061476  ,  0  ,  0
1  ,  48  ,  1  ,  13  ,  1067026  ,  0  ,  0
29  ,  80  ,  1  ,  35  ,  1068496  ,  0  ,  0
13  ,  60  ,  1  ,  56  ,  1069948  ,  0  ,  0
11  ,  58  ,  1  ,  3  ,  1076474  ,  0  ,  0
13  ,  60  ,  0  ,  41  ,  1084655  ,  0  ,  0
29  ,  80  ,  0  ,  41  ,  1084655  ,  0  ,  0
14  ,  61  ,  1  ,  6  ,  1087229  ,  0  ,  0
24  ,  75  ,  1  ,  6  ,  1087229  ,  0  ,  0
2  ,  49  ,  1  ,  16  ,  1088481  ,  0  ,  0
2  ,  49  ,  0  ,  10  ,  1089442  ,  0  ,  0
8  ,  55  ,  0  ,  12  ,  1103388  ,  0  ,  0
0  ,  47  ,  0  ,  55  ,  1105240  ,  0  ,  0
1  ,  48  ,  0  ,  28  ,  1113309  ,  0  ,  0
2  ,  49  ,  1  ,  10  ,  1119402  ,  0  ,  0
1  ,  48  ,  1  ,  41  ,  1122105  ,  0  ,  0
26  ,  77  ,  1  ,  3  ,  1124624  ,  0  ,  0
11  ,  58  ,  0  ,  19  ,  1124915  ,  0  ,  0
6  ,  53  ,  1  ,  44  ,  1126440  ,  0  ,  0
3  ,  50  ,  1  ,  46  ,  1126476  ,  0  ,  0
3  ,  50  ,  0  ,  16  ,  1127001  ,  0  ,  0
15  ,  62  ,  1  ,  32  ,  1128362  ,  0  ,  0
26  ,  77  ,  0  ,  42  ,  1130684  ,  0  ,  0
1  ,  48  ,  0  ,  41  ,  1131735  ,  0  ,  0
3  ,  50  ,  1  ,  24  ,  1133566  ,  0  ,  0
3  ,  50  ,  0  ,  48  ,  1135073  ,  0  ,  0
2  ,  49  ,  0  ,  6  ,  1135379  ,  0  ,  0
10  ,  57  ,  1  ,  47  ,  1136125  ,  0  ,  0
15  ,  62  ,  0  ,  40  ,  1138137  ,  0  ,  0
6  ,  53  ,  0  ,  1  ,  1138498  ,  0  ,  0
1  ,  48  ,  1  ,  17  ,  1139859  ,  0  ,  0
14  ,  61  ,  0  ,  44  ,  1140350  ,  0  ,  0
24  ,  75  ,  0  ,  11  ,  1140820  ,  0  ,  0
0  ,  47  ,  1  ,  35  ,  1141256  ,  0  ,  0
25  ,  76  ,  1  ,  0  ,  1157740  ,  0  ,  0
25  ,  76  ,  0  ,  57  ,  1158776  ,  0  ,  0
6  ,  53  ,  1  ,  52  ,  1168315  ,  0  ,  0
3  ,  50  ,  1  ,  15  ,  1168712  ,  0  ,  0
3  ,  50  ,  0  ,  45  ,  1171398  ,  0  ,  0
6  ,  53  ,  0  ,  34  ,  1173338  ,  0  ,  0
1  ,  48  ,  0  ,  52  ,  1182226  ,  0  ,  0
6  ,  53  ,  1  ,  55  ,  1183350  ,  0  ,  0
15  ,  62  ,  1  ,  55  ,  1183350  ,  0  ,  0
0  ,  47  ,  0  ,  37  ,  1184093  ,  0  ,  0
10  ,  57  ,  0  ,  59  ,  1194123  ,  0  ,  0
0  ,  47  ,  1  ,  31  ,  1198964  ,  0  ,  0
14  ,  61  ,  1  ,  57  ,  1200506  ,  0  ,  0
24  ,  75  ,  1  ,  57  ,  1200506  ,  0  ,  0
2  ,  49  ,  1  ,  23  ,  1200958  ,  0  ,  0
2  ,  49  ,  0  ,  56  ,  1201558  ,  0  ,  0
2  ,  49  ,  1  ,  44  ,  1202410  ,  0  ,  0
2  ,  49  ,  0  ,  5  ,  1202771  ,  0  ,  0
2  ,  49  ,  1  ,  56  ,  1203698  ,  0  ,  0
2  ,  49  ,  0  ,  59  ,  1203753  ,  0  ,  0
2  ,  49  ,  1  ,  47  ,  1204605  ,  0  ,  0
2  ,  49  ,  0  ,  11  ,  1205020  ,  0  ,  0
15  ,  62  ,  0  ,  47  ,  1205675  ,  0  ,  0
6  ,  53  ,  0  ,  11  ,  1206090  ,  0  ,  0
2  ,  49  ,  1  ,  38  ,  1206581  ,  0  ,  0
1  ,  48  ,  1  ,  22  ,  1207360  ,  0  ,  0
14  ,  61  ,  0  ,  12  ,  1208248  ,  0  ,  0
2  ,  49  ,  0  ,  35  ,  1211876  ,  0  ,  0
2  ,  49  ,  1  ,  43  ,  1214162  ,  0  ,  0
2  ,  49  ,  0  ,  58  ,  1215505  ,  0  ,  0
13  ,  60  ,  1  ,  38  ,  1218351  ,  0  ,  0
29  ,  80  ,  1  ,  41  ,  1218405  ,  0  ,  0
11  ,  58  ,  1  ,  26  ,  1226693  ,  0  ,  0
10  ,  57  ,  1  ,  53  ,  1230394  ,  0  ,  0
13  ,  60  ,  0  ,  19  ,  1234055  ,  0  ,  0
29  ,  80  ,  0  ,  19  ,  1234055  ,  0  ,  0
24  ,  75  ,  0  ,  36  ,  1238644  ,  0  ,  0
24  ,  75  ,  1  ,  33  ,  1247150  ,  0  ,  0
1  ,  48  ,  0  ,  41  ,  1247295  ,  0  ,  0
2  ,  49  ,  1  ,  47  ,  1247405  ,  0  ,  0
2  ,  49  ,  0  ,  11  ,  1252100  ,  0  ,  0
14  ,  61  ,  1  ,  36  ,  1255764  ,  0  ,  0
2  ,  49  ,  1  ,  23  ,  1256598  ,  0  ,  0
2  ,  49  ,  0  ,  8  ,  1257395  ,  0  ,  0
2  ,  49  ,  1  ,  11  ,  1258520  ,  0  ,  0
2  ,  49  ,  0  ,  5  ,  1259481  ,  0  ,  0
2  ,  49  ,  1  ,  32  ,  1261042  ,  0  ,  0
11  ,  58  ,  0  ,  42  ,  1261224  ,  0  ,  0
29  ,  80  ,  1  ,  8  ,  1261675  ,  0  ,  0
2  ,  49  ,  0  ,  38  ,  1262221  ,  0  ,  0
10  ,  57  ,  0  ,  27  ,  1263091  ,  0  ,  0
29  ,  80  ,  0  ,  55  ,  1268950  ,  0  ,  0
2  ,  49  ,  1  ,  20  ,  1270453  ,  0  ,  0
2  ,  49  ,  0  ,  44  ,  1270890  ,  0  ,  0
6  ,  53  ,  1  ,  44  ,  1270890  ,  0  ,  0
3  ,  50  ,  1  ,  20  ,  1271523  ,  0  ,  0
3  ,  50  ,  0  ,  41  ,  1271905  ,  0  ,  0
15  ,  62  ,  1  ,  59  ,  1272233  ,  0  ,  0
3  ,  50  ,  1  ,  41  ,  1272975  ,  0  ,  0
3  ,  50  ,  0  ,  53  ,  1273194  ,  0  ,  0
3  ,  50  ,  1  ,  47  ,  1275225  ,  0  ,  0
3  ,  50  ,  0  ,  8  ,  1275585  ,  0  ,  0
14  ,  61  ,  0  ,  18  ,  1276837  ,  0  ,  0
24  ,  75  ,  0  ,  45  ,  1277328  ,  0  ,  0
15  ,  62  ,  0  ,  47  ,  1278435  ,  0  ,  0
6  ,  53  ,  0  ,  5  ,  1278741  ,  0  ,  0
25  ,  76  ,  1  ,  17  ,  1295009  ,  0  ,  0
25  ,  76  ,  0  ,  32  ,  1296352  ,  0  ,  0
25  ,  76  ,  1  ,  5  ,  1296931  ,  0  ,  0
25  ,  76  ,  0  ,  29  ,  1297367  ,  0  ,  0
1  ,  48  ,  1  ,  36  ,  1297494  ,  0  ,  0
14  ,  61  ,  1  ,  42  ,  1301884  ,  0  ,  0
24  ,  75  ,  1  ,  42  ,  1301884  ,  0  ,  0
2  ,  49  ,  1  ,  1  ,  1302208  ,  0  ,  0
2  ,  49  ,  0  ,  19  ,  1302535  ,  0  ,  0
2  ,  49  ,  1  ,  46  ,  1303026  ,  0  ,  0
2  ,  49  ,  0  ,  4  ,  1303332  ,  0  ,  0
2  ,  49  ,  1  ,  31  ,  1303824  ,  0  ,  0
2  ,  49  ,  0  ,  49  ,  1304151  ,  0  ,  0
14  ,  61  ,  0  ,  0  ,  1307540  ,  0  ,  0
24  ,  75  ,  0  ,  18  ,  1307867  ,  0  ,  0
26  ,  77  ,  1  ,  34  ,  1311368  ,  0  ,  0
26  ,  77  ,  0  ,  37  ,  1314633  ,  0  ,  0
1  ,  48  ,  0  ,  27  ,  1316591  ,  0  ,  0
10  ,  57  ,  1  ,  55  ,  1317100  ,  0  ,  0
0  ,  47  ,  0  ,  5  ,  1327961  ,  0  ,  0
1  ,  48  ,  1  ,  11  ,  1336630  ,  0  ,  0
10  ,  57  ,  0  ,  57  ,  1337466  ,  0  ,  0
24  ,  75  ,  1  ,  48  ,  1338373  ,  0  ,  0
2  ,  49  ,  1  ,  58  ,  1338555  ,  0  ,  0
0  ,  47  ,  1  ,  25  ,  1342234  ,  0  ,  0
2  ,  49  ,  0  ,  33  ,  1343450  ,  0  ,  0
24  ,  75  ,  0  ,  39  ,  1345699  ,  0  ,  0
24  ,  75  ,  1  ,  39  ,  1356399  ,  0  ,  0
14  ,  61  ,  1  ,  42  ,  1356454  ,  0  ,  0
14  ,  61  ,  0  ,  3  ,  1357884  ,  0  ,  0
2  ,  49  ,  1  ,  33  ,  1358430  ,  0  ,  0
2  ,  49  ,  0  ,  39  ,  1361749  ,  0  ,  0
2  ,  49  ,  1  ,  36  ,  1375604  ,  0  ,  0
2  ,  49  ,  0  ,  3  ,  1379284  ,  0  ,  0
9  ,  56  ,  1  ,  33  ,  1384110  ,  0  ,  0
9  ,  56  ,  0  ,  36  ,  1385234  ,  0  ,  0
1  ,  48  ,  0  ,  0  ,  1391000  ,  0  ,  0
24  ,  75  ,  0  ,  9  ,  1391163  ,  0  ,  0
0  ,  47  ,  0  ,  18  ,  1396677  ,  0  ,  0
0  ,  47  ,  1  ,  46  ,  1397186  ,  0  ,  0
1  ,  48  ,  1  ,  31  ,  1415104  ,  0  ,  0
14  ,  61  ,  1  ,  7  ,  1429647  ,  0  ,  0
24  ,  75  ,  1  ,  7  ,  1429647  ,  0  ,  0
14  ,  61  ,  0  ,  34  ,  1431208  ,  0  ,  0
8  ,  55  ,  1  ,  42  ,  1432424  ,  0  ,  0
24  ,  75  ,  0  ,  25  ,  1437464  ,  0  ,  0
9  ,  56  ,  1  ,  1  ,  1454148  ,  0  ,  0
8  ,  55  ,  0  ,  32  ,  1457922  ,  0  ,  0
0  ,  47  ,  0  ,  4  ,  1460622  ,  0  ,  0
10  ,  57  ,  1  ,  29  ,  1461077  ,  0  ,  0
10  ,  57  ,  0  ,  56  ,  1461568  ,  0  ,  0
24  ,  75  ,  1  ,  16  ,  1465121  ,  0  ,  0
2  ,  49  ,  1  ,  32  ,  1465412  ,  0  ,  0
26  ,  77  ,  1  ,  8  ,  1472465  ,  0  ,  0
26  ,  77  ,  0  ,  5  ,  1473481  ,  0  ,  0
1  ,  48  ,  0  ,  25  ,  1473844  ,  0  ,  0
9  ,  56  ,  0  ,  32  ,  1475042  ,  0  ,  0
1  ,  48  ,  1  ,  46  ,  1475296  ,  0  ,  0
1  ,  48  ,  0  ,  49  ,  1478561  ,  0  ,  0
2  ,  49  ,  0  ,  44  ,  1482750  ,  0  ,  0
24  ,  75  ,  0  ,  37  ,  1485833  ,  0  ,  0
1  ,  48  ,  1  ,  37  ,  1489043  ,  0  ,  0
26  ,  77  ,  1  ,  41  ,  1490185  ,  0  ,  0
1  ,  48  ,  0  ,  37  ,  1492253  ,  0  ,  0
26  ,  77  ,  0  ,  50  ,  1492489  ,  0  ,  0
1  ,  48  ,  1  ,  13  ,  1492886  ,  0  ,  0
26  ,  77  ,  1  ,  50  ,  1494629  ,  0  ,  0
0  ,  47  ,  1  ,  43  ,  1495572  ,  0  ,  0
26  ,  77  ,  0  ,  38  ,  1497621  ,  0  ,  0
0  ,  47  ,  0  ,  9  ,  1503513  ,  0  ,  0
1  ,  48  ,  0  ,  42  ,  1504114  ,  0  ,  0
14  ,  61  ,  1  ,  31  ,  1504984  ,  0  ,  0
24  ,  75  ,  1  ,  31  ,  1504984  ,  0  ,  0
12  ,  59  ,  1  ,  49  ,  1510661  ,  0  ,  0
0  ,  47  ,  1  ,  12  ,  1511058  ,  0  ,  0
14  ,  61  ,  0  ,  46  ,  1511676  ,  0  ,  0
24  ,  75  ,  0  ,  46  ,  1511676  ,  0  ,  0
0  ,  47  ,  0  ,  18  ,  1512237  ,  0  ,  0
12  ,  59  ,  0  ,  31  ,  1512474  ,  0  ,  0
1  ,  48  ,  1  ,  42  ,  1514814  ,  0  ,  0
1  ,  48  ,  0  ,  57  ,  1517226  ,  0  ,  0
0  ,  47  ,  1  ,  26  ,  1518803  ,  0  ,  0
0  ,  47  ,  0  ,  41  ,  1520145  ,  0  ,  0
0  ,  47  ,  1  ,  53  ,  1524644  ,  0  ,  0
0  ,  47  ,  0  ,  56  ,  1525768  ,  0  ,  0
0  ,  47  ,  1  ,  45  ,  1531988  ,  0  ,  0
0  ,  47  ,  0  ,  48  ,  1533113  ,  0  ,  0
1  ,  48  ,  1  ,  50  ,  1544919  ,  0  ,  0
1  ,  48  ,  0  ,  53  ,  1546044  ,  0  ,  0
1  ,  48  ,  1  ,  45  ,  1552318  ,  0  ,  0
1  ,  48  ,  0  ,  36  ,  1553224  ,  0  ,  0
1  ,  48  ,  1  ,  0  ,  1555780  ,  0  ,  0
1  ,  48  ,  0  ,  48  ,  1557723  ,  0  ,  0
0  ,  47  ,  1  ,  13  ,  1564576  ,  0  ,  0
0  ,  47  ,  0  ,  19  ,  1565755  ,  0  ,  0
0  ,  47  ,  1  ,  43  ,  1566192  ,  0  ,  0
1  ,  48  ,  1  ,  46  ,  1567316  ,  0  ,  0
0  ,  47  ,  0  ,  3  ,  1567604  ,  0  ,  0
1  ,  48  ,  0  ,  49  ,  1568441  ,  0  ,  0
0  ,  47  ,  1  ,  16  ,  1571051  ,  0  ,  0
0  ,  47  ,  0  ,  18  ,  1573227  ,  0  ,  0
0  ,  47  ,  1  ,  18  ,  1574297  ,  0  ,  0
0  ,  47  ,  0  ,  39  ,  1575749  ,  0  ,  0
24  ,  75  ,  1  ,  4  ,  1576182  ,  0  ,  0
2  ,  49  ,  1  ,  19  ,  1576455  ,  0  ,  0
9  ,  56  ,  1  ,  31  ,  1576674  ,  0  ,  0
8  ,  55  ,  1  ,  12  ,  1583818  ,  0  ,  0
2  ,  49  ,  0  ,  40  ,  1586467  ,  0  ,  0
24  ,  75  ,  0  ,  28  ,  1588389  ,  0  ,  0
0  ,  47  ,  1  ,  8  ,  1589095  ,  0  ,  0
10  ,  57  ,  1  ,  52  ,  1592036  ,  0  ,  0
1  ,  48  ,  1  ,  8  ,  1595515  ,  0  ,  0
26  ,  77  ,  1  ,  34  ,  1598128  ,  0  ,  0
9  ,  56  ,  0  ,  49  ,  1599471  ,  0  ,  0
8  ,  55  ,  0  ,  10  ,  1601972  ,  0  ,  0
29  ,  80  ,  1  ,  17  ,  1605309  ,  0  ,  0
11  ,  58  ,  1  ,  36  ,  1605654  ,  0  ,  0
26  ,  77  ,  0  ,  10  ,  1608392  ,  0  ,  0
1  ,  48  ,  0  ,  56  ,  1613508  ,  0  ,  0
0  ,  47  ,  0  ,  2  ,  1617876  ,  0  ,  0
10  ,  57  ,  0  ,  50  ,  1626239  ,  0  ,  0
11  ,  58  ,  0  ,  20  ,  1626763  ,  0  ,  0
29  ,  80  ,  0  ,  26  ,  1629013  ,  0  ,  0
1  ,  48  ,  1  ,  35  ,  1643086  ,  0  ,  0
1  ,  48  ,  0  ,  56  ,  1645608  ,  0  ,  0
24  ,  75  ,  1  ,  23  ,  1656778  ,  0  ,  0
2  ,  49  ,  1  ,  33  ,  1656960  ,  0  ,  0
0  ,  47  ,  1  ,  53  ,  1666954  ,  0  ,  0
6  ,  53  ,  1  ,  51  ,  1667987  ,  0  ,  0
3  ,  50  ,  1  ,  9  ,  1668293  ,  0  ,  0
2  ,  49  ,  0  ,  0  ,  1669200  ,  0  ,  0
1  ,  48  ,  1  ,  53  ,  1670164  ,  0  ,  0
3  ,  50  ,  0  ,  33  ,  1670870  ,  0  ,  0
6  ,  53  ,  0  ,  27  ,  1672901  ,  0  ,  0
14  ,  61  ,  1  ,  59  ,  1676693  ,  0  ,  0
14  ,  61  ,  0  ,  38  ,  1679521  ,  0  ,  0
8  ,  55  ,  1  ,  0  ,  1679900  ,  0  ,  0
1  ,  48  ,  0  ,  32  ,  1680482  ,  0  ,  0
0  ,  47  ,  0  ,  46  ,  1689296  ,  0  ,  0
8  ,  55  ,  0  ,  6  ,  1692849  ,  0  ,  0
10  ,  57  ,  1  ,  51  ,  1693667  ,  0  ,  0
1  ,  48  ,  1  ,  49  ,  1696841  ,  0  ,  0
0  ,  47  ,  1  ,  15  ,  1697292  ,  0  ,  0
0  ,  47  ,  0  ,  24  ,  1698526  ,  0  ,  0
24  ,  75  ,  0  ,  38  ,  1698781  ,  0  ,  0
0  ,  47  ,  1  ,  28  ,  1702879  ,  0  ,  0
0  ,  47  ,  0  ,  31  ,  1704004  ,  0  ,  0
0  ,  47  ,  1  ,  30  ,  1707195  ,  0  ,  0
1  ,  48  ,  0  ,  48  ,  1707523  ,  0  ,  0
0  ,  47  ,  0  ,  4  ,  1709932  ,  0  ,  0
0  ,  47  ,  1  ,  55  ,  1713000  ,  0  ,  0
0  ,  47  ,  0  ,  16  ,  1714431  ,  0  ,  0
10  ,  57  ,  0  ,  4  ,  1720632  ,  0  ,  0
24  ,  75  ,  1  ,  32  ,  1725422  ,  0  ,  0
2  ,  49  ,  1  ,  55  ,  1725840  ,  0  ,  0
1  ,  48  ,  1  ,  55  ,  1742960  ,  0  ,  0
26  ,  77  ,  1  ,  8  ,  1745315  ,  0  ,  0
2  ,  49  ,  0  ,  3  ,  1749504  ,  0  ,  0
10  ,  57  ,  1  ,  23  ,  1750938  ,  0  ,  0
24  ,  75  ,  0  ,  2  ,  1751626  ,  0  ,  0
0  ,  47  ,  1  ,  32  ,  1756452  ,  0  ,  0
0  ,  47  ,  0  ,  35  ,  1760786  ,  0  ,  0
26  ,  77  ,  0  ,  14  ,  1763614  ,  0  ,  0
1  ,  48  ,  0  ,  48  ,  1764233  ,  0  ,  0
24  ,  75  ,  1  ,  17  ,  1769019  ,  0  ,  0
2  ,  49  ,  1  ,  23  ,  1769128  ,  0  ,  0
0  ,  47  ,  1  ,  14  ,  1774314  ,  0  ,  0
2  ,  49  ,  0  ,  40  ,  1777997  ,  0  ,  0
14  ,  61  ,  1  ,  8  ,  1779555  ,  0  ,  0
10  ,  57  ,  0  ,  27  ,  1779901  ,  0  ,  0
14  ,  61  ,  0  ,  23  ,  1780898  ,  0  ,  0
0  ,  47  ,  0  ,  9  ,  1792413  ,  0  ,  0
9  ,  56  ,  1  ,  36  ,  1804674  ,  0  ,  0
24  ,  75  ,  0  ,  11  ,  1808500  ,  0  ,  0
1  ,  48  ,  1  ,  42  ,  1809064  ,  0  ,  0
1  ,  48  ,  0  ,  24  ,  1811946  ,  0  ,  0
1  ,  48  ,  1  ,  15  ,  1812853  ,  0  ,  0
9  ,  56  ,  0  ,  7  ,  1813777  ,  0  ,  0
1  ,  48  ,  0  ,  18  ,  1815047  ,  0  ,  0
10  ,  57  ,  1  ,  15  ,  1835323  ,  0  ,  0
8  ,  55  ,  1  ,  31  ,  1837754  ,  0  ,  0
10  ,  57  ,  0  ,  27  ,  1845171  ,  0  ,  0
0  ,  47  ,  1  ,  56  ,  1851048  ,  0  ,  0
0  ,  47  ,  0  ,  36  ,  1854964  ,  0  ,  0
0  ,  47  ,  1  ,  47  ,  1855165  ,  0  ,  0
8  ,  55  ,  0  ,  15  ,  1855653  ,  0  ,  0
0  ,  47  ,  0  ,  12  ,  1857738  ,  0  ,  0
0  ,  47  ,  1  ,  4  ,  1858662  ,  0  ,  0
10  ,  57  ,  1  ,  19  ,  1858935  ,  0  ,  0
1  ,  48  ,  1  ,  30  ,  1859135  ,  0  ,  0
10  ,  57  ,  0  ,  48  ,  1859463  ,  0  ,  0
0  ,  47  ,  0  ,  55  ,  1860660  ,  0  ,  0
9  ,  56  ,  1  ,  27  ,  1864431  ,  0  ,  0
24  ,  75  ,  1  ,  44  ,  1864740  ,  0  ,  0
14  ,  61  ,  1  ,  47  ,  1864795  ,  0  ,  0
14  ,  61  ,  0  ,  56  ,  1866028  ,  0  ,  0
24  ,  75  ,  0  ,  8  ,  1871575  ,  0  ,  0
0  ,  47  ,  1  ,  52  ,  1872376  ,  0  ,  0
1  ,  48  ,  0  ,  0  ,  1873570  ,  0  ,  0
9  ,  56  ,  0  ,  22  ,  1877180  ,  0  ,  0
9  ,  56  ,  1  ,  7  ,  1879047  ,  0  ,  0
9  ,  56  ,  0  ,  55  ,  1880990  ,  0  ,  0
9  ,  56  ,  1  ,  6  ,  1883309  ,  0  ,  0
9  ,  56  ,  0  ,  19  ,  1885685  ,  0  ,  0
1  ,  48  ,  1  ,  53  ,  1890584  ,  0  ,  0
1  ,  48  ,  0  ,  53  ,  1891654  ,  0  ,  0
0  ,  47  ,  0  ,  0  ,  1891760  ,  0  ,  0
9  ,  56  ,  1  ,  53  ,  1914124  ,  0  ,  0
1  ,  48  ,  1  ,  27  ,  1916861  ,  0  ,  0
1  ,  48  ,  0  ,  12  ,  1918728  ,  0  ,  0
1  ,  48  ,  1  ,  36  ,  1920234  ,  0  ,  0
1  ,  48  ,  0  ,  54  ,  1922702  ,  0  ,  0
9  ,  56  ,  0  ,  31  ,  1924424  ,  0  ,  0
0  ,  47  ,  1  ,  32  ,  1939422  ,  0  ,  0
0  ,  47  ,  0  ,  47  ,  1940765  ,  0  ,  0
0  ,  47  ,  1  ,  34  ,  1944808  ,  0  ,  0
0  ,  47  ,  0  ,  43  ,  1946042  ,  0  ,  0
1  ,  48  ,  1  ,  13  ,  1951916  ,  0  ,  0
1  ,  48  ,  0  ,  19  ,  1953095  ,  0  ,  0
0  ,  47  ,  1  ,  0  ,  1960240  ,  0  ,  0
0  ,  47  ,  0  ,  12  ,  1961528  ,  0  ,  0
0  ,  47  ,  1  ,  36  ,  1963034  ,  0  ,  0
0  ,  47  ,  0  ,  40  ,  1965247  ,  0  ,  0
1  ,  48  ,  1  ,  5  ,  1965681  ,  0  ,  0
1  ,  48  ,  0  ,  8  ,  1966805  ,  0  ,  0
1  ,  48  ,  1  ,  0  ,  1967730  ,  0  ,  0
1  ,  48  ,  0  ,  6  ,  1968909  ,  0  ,  0
6  ,  53  ,  1  ,  42  ,  1973844  ,  0  ,  0
3  ,  50  ,  1  ,  21  ,  1974532  ,  0  ,  0
3  ,  50  ,  0  ,  41  ,  1980245  ,  0  ,  0
10  ,  57  ,  1  ,  46  ,  1980336  ,  0  ,  0
1  ,  48  ,  1  ,  55  ,  1982640  ,  0  ,  0
6  ,  53  ,  0  ,  3  ,  1982764  ,  0  ,  0
1  ,  48  ,  0  ,  40  ,  1987717  ,  0  ,  0
10  ,  57  ,  0  ,  8  ,  2007465  ,  0  ,  0
1  ,  48  ,  1  ,  34  ,  2010078  ,  0  ,  0
6  ,  53  ,  1  ,  45  ,  2013488  ,  0  ,  0
3  ,  50  ,  1  ,  2  ,  2013776  ,  0  ,  0
1  ,  48  ,  0  ,  20  ,  2017313  ,  0  ,  0
1  ,  48  ,  1  ,  53  ,  2017914  ,  0  ,  0
1  ,  48  ,  0  ,  50  ,  2021069  ,  0  ,  0
0  ,  47  ,  1  ,  12  ,  2021448  ,  0  ,  0
0  ,  47  ,  0  ,  18  ,  2022627  ,  0  ,  0
24  ,  75  ,  1  ,  48  ,  2024243  ,  0  ,  0
3  ,  50  ,  0  ,  40  ,  2025167  ,  0  ,  0
3  ,  50  ,  1  ,  54  ,  2027562  ,  0  ,  0
24  ,  75  ,  0  ,  54  ,  2031842  ,  0  ,  0
3  ,  50  ,  0  ,  41  ,  2032675  ,  0  ,  0
6  ,  53  ,  0  ,  38  ,  2034761  ,  0  ,  0
0  ,  47  ,  1  ,  31  ,  2039984  ,  0  ,  0
9  ,  56  ,  1  ,  2  ,  2044806  ,  0  ,  0
6  ,  53  ,  1  ,  56  ,  2048998  ,  0  ,  0
3  ,  50  ,  1  ,  18  ,  2049377  ,  0  ,  0
0  ,  47  ,  0  ,  42  ,  2049814  ,  0  ,  0
0  ,  47  ,  1  ,  41  ,  2051935  ,  0  ,  0
0  ,  47  ,  0  ,  47  ,  2053115  ,  0  ,  0
0  ,  47  ,  1  ,  51  ,  2054257  ,  0  ,  0
0  ,  47  ,  0  ,  15  ,  2055743  ,  0  ,  0
0  ,  47  ,  1  ,  5  ,  2057701  ,  0  ,  0
1  ,  48  ,  1  ,  35  ,  2059316  ,  0  ,  0
0  ,  47  ,  0  ,  59  ,  2059753  ,  0  ,  0
1  ,  48  ,  0  ,  41  ,  2061565  ,  0  ,  0
3  ,  50  ,  0  ,  27  ,  2062381  ,  0  ,  0
6  ,  53  ,  0  ,  29  ,  2064557  ,  0  ,  0
6  ,  53  ,  1  ,  44  ,  2064830  ,  0  ,  0
6  ,  53  ,  0  ,  47  ,  2065955  ,  0  ,  0
6  ,  53  ,  1  ,  29  ,  2079537  ,  0  ,  0
3  ,  50  ,  1  ,  37  ,  2079683  ,  0  ,  0
3  ,  50  ,  0  ,  34  ,  2081768  ,  0  ,  0
6  ,  53  ,  0  ,  37  ,  2083963  ,  0  ,  0
1  ,  48  ,  1  ,  58  ,  2085415  ,  0  ,  0
1  ,  48  ,  0  ,  13  ,  2087806  ,  0  ,  0
1  ,  48  ,  1  ,  22  ,  2095460  ,  0  ,  0
26  ,  77  ,  1  ,  38  ,  2097891  ,  0  ,  0
26  ,  77  ,  0  ,  35  ,  2099976  ,  0  ,  0
9  ,  56  ,  0  ,  51  ,  2103477  ,  0  ,  0
1  ,  48  ,  0  ,  20  ,  2103984  ,  0  ,  0
1  ,  48  ,  1  ,  43  ,  2107612  ,  0  ,  0
1  ,  48  ,  0  ,  2  ,  2110076  ,  0  ,  0
0  ,  47  ,  1  ,  30  ,  2115935  ,  0  ,  0
0  ,  47  ,  0  ,  36  ,  2117115  ,  0  ,  0
12  ,  59  ,  1  ,  55  ,  2130300  ,  0  ,  0
14  ,  61  ,  1  ,  40  ,  2134307  ,  0  ,  0
24  ,  75  ,  1  ,  40  ,  2134307  ,  0  ,  0
0  ,  47  ,  1  ,  20  ,  2136084  ,  0  ,  0
0  ,  47  ,  0  ,  17  ,  2137099  ,  0  ,  0
12  ,  59  ,  0  ,  16  ,  2138151  ,  0  ,  0
1  ,  48  ,  1  ,  26  ,  2138333  ,  0  ,  0
1  ,  48  ,  0  ,  26  ,  2139403  ,  0  ,  0
14  ,  61  ,  0  ,  25  ,  2145804  ,  0  ,  0
24  ,  75  ,  0  ,  25  ,  2145804  ,  0  ,  0
1  ,  48  ,  1  ,  48  ,  2162273  ,  0  ,  0
1  ,  48  ,  0  ,  45  ,  2163288  ,  0  ,  0
1  ,  48  ,  1  ,  41  ,  2164286  ,  0  ,  0
1  ,  48  ,  0  ,  44  ,  2165410  ,  0  ,  0
1  ,  48  ,  1  ,  35  ,  2167386  ,  0  ,  0
1  ,  48  ,  0  ,  43  ,  2168602  ,  0  ,  0
0  ,  47  ,  1  ,  53  ,  2174134  ,  0  ,  0
25  ,  76  ,  1  ,  33  ,  2174840  ,  0  ,  0
0  ,  47  ,  0  ,  53  ,  2175204  ,  0  ,  0
25  ,  76  ,  0  ,  45  ,  2176128  ,  0  ,  0
26  ,  77  ,  1  ,  35  ,  2178086  ,  0  ,  0
26  ,  77  ,  0  ,  20  ,  2178884  ,  0  ,  0
6  ,  53  ,  1  ,  0  ,  2179590  ,  0  ,  0
3  ,  50  ,  1  ,  23  ,  2180008  ,  0  ,  0
10  ,  57  ,  1  ,  35  ,  2181296  ,  0  ,  0
3  ,  50  ,  0  ,  17  ,  2183109  ,  0  ,  0
6  ,  53  ,  0  ,  17  ,  2186319  ,  0  ,  0
1  ,  48  ,  1  ,  4  ,  2196782  ,  0  ,  0
1  ,  48  ,  0  ,  21  ,  2200302  ,  0  ,  0
24  ,  75  ,  1  ,  36  ,  2212345  ,  0  ,  0
2  ,  49  ,  1  ,  46  ,  2212526  ,  0  ,  0
0  ,  47  ,  1  ,  31  ,  2213324  ,  0  ,  0
2  ,  49  ,  0  ,  28  ,  2215409  ,  0  ,  0
24  ,  75  ,  0  ,  45  ,  2218928  ,  0  ,  0
10  ,  57  ,  0  ,  13  ,  2220486  ,  0  ,  0
6  ,  53  ,  1  ,  20  ,  2234524  ,  0  ,  0
3  ,  50  ,  1  ,  45  ,  2234978  ,  0  ,  0
10  ,  57  ,  1  ,  47  ,  2235015  ,  0  ,  0
1  ,  48  ,  1  ,  46  ,  2236066  ,  0  ,  0
1  ,  48  ,  0  ,  4  ,  2237442  ,  0  ,  0
1  ,  48  ,  1  ,  55  ,  2238370  ,  0  ,  0
0  ,  47  ,  0  ,  56  ,  2239458  ,  0  ,  0
1  ,  48  ,  0  ,  10  ,  2239692  ,  0  ,  0
3  ,  50  ,  0  ,  30  ,  2241125  ,  0  ,  0
0  ,  47  ,  1  ,  50  ,  2244699  ,  0  ,  0
6  ,  53  ,  0  ,  14  ,  2245114  ,  0  ,  0
0  ,  47  ,  0  ,  14  ,  2247254  ,  0  ,  0
0  ,  47  ,  1  ,  17  ,  2249449  ,  0  ,  0
0  ,  47  ,  0  ,  8  ,  2251425  ,  0  ,  0
10  ,  57  ,  0  ,  12  ,  2264338  ,  0  ,  0
8  ,  55  ,  1  ,  26  ,  2265663  ,  0  ,  0
8  ,  55  ,  0  ,  10  ,  2273932  ,  0  ,  0
0  ,  47  ,  1  ,  1  ,  2278048  ,  0  ,  0
0  ,  47  ,  0  ,  1  ,  2279118  ,  0  ,  0
0  ,  47  ,  1  ,  5  ,  2280261  ,  0  ,  0
0  ,  47  ,  0  ,  32  ,  2282892  ,  0  ,  0
0  ,  47  ,  1  ,  11  ,  2283580  ,  0  ,  0
0  ,  47  ,  0  ,  26  ,  2284923  ,  0  ,  0
0  ,  47  ,  1  ,  14  ,  2285774  ,  0  ,  0
0  ,  47  ,  0  ,  38  ,  2287281  ,  0  ,  0
0  ,  47  ,  1  ,  51  ,  2287517  ,  0  ,  0
0  ,  47  ,  0  ,  8  ,  2289945  ,  0  ,  0
0  ,  47  ,  1  ,  44  ,  2295950  ,  0  ,  0
0  ,  47  ,  0  ,  5  ,  2297381  ,  0  ,  0
10  ,  57  ,  1  ,  27  ,  2307411  ,  0  ,  0
1  ,  48  ,  1  ,  45  ,  2314158  ,  0  ,  0
10  ,  57  ,  0  ,  55  ,  2319690  ,  0  ,  0
29  ,  80  ,  1  ,  48  ,  2332403  ,  0  ,  0
11  ,  58  ,  1  ,  6  ,  2332709  ,  0  ,  0
1  ,  48  ,  0  ,  42  ,  2334434  ,  0  ,  0
11  ,  58  ,  0  ,  45  ,  2343048  ,  0  ,  0
29  ,  80  ,  0  ,  54  ,  2345352  ,  0  ,  0
10  ,  57  ,  1  ,  14  ,  2359604  ,  0  ,  0
10  ,  57  ,  0  ,  45  ,  2376218  ,  0  ,  0
1  ,  48  ,  1  ,  39  ,  2385739  ,  0  ,  0
1  ,  48  ,  0  ,  9  ,  2387333  ,  0  ,  0
1  ,  48  ,  1  ,  37  ,  2389983  ,  0  ,  0
1  ,  48  ,  0  ,  34  ,  2390998  ,  0  ,  0
0  ,  47  ,  1  ,  17  ,  2396039  ,  0  ,  0
0  ,  47  ,  0  ,  38  ,  2397491  ,  0  ,  0
0  ,  47  ,  1  ,  43  ,  2397582  ,  0  ,  0
10  ,  57  ,  1  ,  58  ,  2399995  ,  0  ,  0
0  ,  47  ,  0  ,  19  ,  2400355  ,  0  ,  0
10  ,  57  ,  0  ,  30  ,  2412325  ,  0  ,  0
0  ,  47  ,  1  ,  24  ,  2421846  ,  0  ,  0
0  ,  47  ,  0  ,  36  ,  2422065  ,  0  ,  0
0  ,  47  ,  1  ,  45  ,  2422228  ,  0  ,  0
0  ,  47  ,  0  ,  57  ,  2422447  ,  0  ,  0
0  ,  47  ,  1  ,  6  ,  2422589  ,  0  ,  0
0  ,  47  ,  0  ,  15  ,  2422753  ,  0  ,  0
0  ,  47  ,  1  ,  27  ,  2422971  ,  0  ,  0
0  ,  47  ,  0  ,  36  ,  2423135  ,  0  ,  0
0  ,  47  ,  1  ,  27  ,  2436881  ,  0  ,  0
0  ,  47  ,  0  ,  27  ,  2437951  ,  0  ,  0
1  ,  48  ,  1  ,  30  ,  2438005  ,  0  ,  0
1  ,  48  ,  0  ,  33  ,  2439130  ,  0  ,  0
24  ,  75  ,  1  ,  46  ,  2448996  ,  0  ,  0
2  ,  49  ,  1  ,  59  ,  2449233  ,  0  ,  0
2  ,  49  ,  0  ,  50  ,  2458699  ,  0  ,  0
1  ,  48  ,  1  ,  55  ,  2459860  ,  0  ,  0
24  ,  75  ,  0  ,  0  ,  2461000  ,  0  ,  0
1  ,  48  ,  0  ,  55  ,  2475910  ,  0  ,  0
9  ,  56  ,  1  ,  38  ,  2478811  ,  0  ,  0
1  ,  48  ,  1  ,  59  ,  2481333  ,  0  ,  0
26  ,  77  ,  1  ,  58  ,  2482385  ,  0  ,  0
26  ,  77  ,  0  ,  1  ,  2483488  ,  0  ,  0
1  ,  48  ,  0  ,  2  ,  2483506  ,  0  ,  0
9  ,  56  ,  0  ,  53  ,  2487644  ,  0  ,  0
1  ,  48  ,  1  ,  22  ,  2490290  ,  0  ,  0
26  ,  77  ,  1  ,  42  ,  2492794  ,  0  ,  0
26  ,  77  ,  0  ,  12  ,  2494388  ,  0  ,  0
1  ,  48  ,  0  ,  20  ,  2494534  ,  0  ,  0
0  ,  47  ,  1  ,  28  ,  2502169  ,  0  ,  0
0  ,  47  ,  0  ,  55  ,  2504800  ,  0  ,  0
0  ,  47  ,  1  ,  29  ,  2516097  ,  0  ,  0
10  ,  57  ,  1  ,  19  ,  2519125  ,  0  ,  0
0  ,  47  ,  0  ,  56  ,  2519798  ,  0  ,  0
0  ,  47  ,  1  ,  55  ,  2520850  ,  0  ,  0
0  ,  47  ,  0  ,  46  ,  2522826  ,  0  ,  0
10  ,  57  ,  0  ,  30  ,  2533235  ,  0  ,  0
10  ,  57  ,  1  ,  21  ,  2535212  ,  0  ,  0
1  ,  48  ,  1  ,  25  ,  2535284  ,  0  ,  0
10  ,  57  ,  0  ,  47  ,  2537825  ,  0  ,  0
0  ,  47  ,  1  ,  54  ,  2537952  ,  0  ,  0
8  ,  55  ,  1  ,  35  ,  2538676  ,  0  ,  0
0  ,  47  ,  0  ,  0  ,  2548740  ,  0  ,  0
8  ,  55  ,  0  ,  16  ,  2549031  ,  0  ,  0
9  ,  56  ,  1  ,  17  ,  2559749  ,  0  ,  0
0  ,  47  ,  1  ,  54  ,  2560422  ,  0  ,  0
10  ,  57  ,  1  ,  54  ,  2561492  ,  0  ,  0
0  ,  47  ,  0  ,  3  ,  2561634  ,  0  ,  0
1  ,  48  ,  0  ,  58  ,  2563705  ,  0  ,  0
24  ,  75  ,  1  ,  39  ,  2565499  ,  0  ,  0
2  ,  49  ,  1  ,  59  ,  2565863  ,  0  ,  0
2  ,  49  ,  0  ,  32  ,  2572862  ,  0  ,  0
10  ,  57  ,  0  ,  13  ,  2573586  ,  0  ,  0
2  ,  49  ,  1  ,  19  ,  2574765  ,  0  ,  0
0  ,  47  ,  1  ,  35  ,  2577196  ,  0  ,  0
2  ,  49  ,  0  ,  22  ,  2578030  ,  0  ,  0
2  ,  49  ,  1  ,  43  ,  2579482  ,  0  ,  0
2  ,  49  ,  0  ,  24  ,  2582346  ,  0  ,  0
24  ,  75  ,  0  ,  9  ,  2585283  ,  0  ,  0
9  ,  56  ,  0  ,  59  ,  2591543  ,  0  ,  0
6  ,  53  ,  1  ,  24  ,  2599466  ,  0  ,  0
3  ,  50  ,  1  ,  45  ,  2599848  ,  0  ,  0
0  ,  47  ,  0  ,  50  ,  2602079  ,  0  ,  0
1  ,  48  ,  1  ,  17  ,  2613249  ,  0  ,  0
15  ,  62  ,  1  ,  3  ,  2616204  ,  0  ,  0
15  ,  62  ,  0  ,  39  ,  2618999  ,  0  ,  0
24  ,  75  ,  1  ,  14  ,  2619614  ,  0  ,  0
2  ,  49  ,  1  ,  23  ,  2619778  ,  0  ,  0
3  ,  50  ,  0  ,  33  ,  2619960  ,  0  ,  0
15  ,  62  ,  1  ,  27  ,  2620921  ,  0  ,  0
15  ,  62  ,  0  ,  36  ,  2622155  ,  0  ,  0
2  ,  49  ,  0  ,  47  ,  2622355  ,  0  ,  0
6  ,  53  ,  0  ,  6  ,  2622679  ,  0  ,  0
6  ,  53  ,  1  ,  42  ,  2637244  ,  0  ,  0
3  ,  50  ,  1  ,  52  ,  2637426  ,  0  ,  0
3  ,  50  ,  0  ,  7  ,  2638747  ,  0  ,  0
6  ,  53  ,  0  ,  30  ,  2640235  ,  0  ,  0
10  ,  57  ,  1  ,  7  ,  2647307  ,  0  ,  0
24  ,  75  ,  0  ,  50  ,  2651299  ,  0  ,  0
24  ,  75  ,  1  ,  53  ,  2653494  ,  0  ,  0
14  ,  61  ,  1  ,  59  ,  2653603  ,  0  ,  0
0  ,  47  ,  1  ,  17  ,  2653909  ,  0  ,  0
1  ,  48  ,  0  ,  43  ,  2654382  ,  0  ,  0
0  ,  47  ,  0  ,  48  ,  2655543  ,  0  ,  0
0  ,  47  ,  1  ,  59  ,  2655743  ,  0  ,  0
0  ,  47  ,  0  ,  45  ,  2659768  ,  0  ,  0
1  ,  48  ,  1  ,  18  ,  2662487  ,  0  ,  0
0  ,  47  ,  1  ,  20  ,  2662524  ,  0  ,  0
1  ,  48  ,  0  ,  15  ,  2663503  ,  0  ,  0
0  ,  47  ,  0  ,  32  ,  2663812  ,  0  ,  0
14  ,  61  ,  0  ,  26  ,  2664773  ,  0  ,  0
24  ,  75  ,  0  ,  26  ,  2664773  ,  0  ,  0
24  ,  75  ,  1  ,  50  ,  2671629  ,  0  ,  0
2  ,  49  ,  1  ,  4  ,  2671863  ,  0  ,  0
2  ,  49  ,  0  ,  58  ,  2676055  ,  0  ,  0
12  ,  59  ,  1  ,  26  ,  2676543  ,  0  ,  0
12  ,  59  ,  0  ,  32  ,  2677722  ,  0  ,  0
10  ,  57  ,  0  ,  10  ,  2678392  ,  0  ,  0
1  ,  48  ,  1  ,  35  ,  2694896  ,  0  ,  0
1  ,  48  ,  0  ,  32  ,  2695912  ,  0  ,  0
0  ,  47  ,  1  ,  10  ,  2701932  ,  0  ,  0
0  ,  47  ,  0  ,  13  ,  2703056  ,  0  ,  0
24  ,  75  ,  0  ,  19  ,  2705305  ,  0  ,  0
0  ,  47  ,  1  ,  6  ,  2711489  ,  0  ,  0
0  ,  47  ,  0  ,  9  ,  2712613  ,  0  ,  0
10  ,  57  ,  1  ,  0  ,  2728500  ,  0  ,  0
1  ,  48  ,  1  ,  5  ,  2732871  ,  0  ,  0
10  ,  57  ,  0  ,  57  ,  2738097  ,  0  ,  0
0  ,  47  ,  1  ,  51  ,  2747617  ,  0  ,  0
0  ,  47  ,  0  ,  22  ,  2749230  ,  0  ,  0
0  ,  47  ,  1  ,  34  ,  2749448  ,  0  ,  0
0  ,  47  ,  0  ,  43  ,  2749612  ,  0  ,  0
0  ,  47  ,  1  ,  52  ,  2749776  ,  0  ,  0
0  ,  47  ,  0  ,  1  ,  2749918  ,  0  ,  0
1  ,  48  ,  0  ,  5  ,  2749991  ,  0  ,  0
1  ,  48  ,  1  ,  12  ,  2758678  ,  0  ,  0
1  ,  48  ,  0  ,  59  ,  2760603  ,  0  ,  0
10  ,  57  ,  1  ,  26  ,  2770703  ,  0  ,  0
0  ,  47  ,  1  ,  0  ,  2773440  ,  0  ,  0
0  ,  47  ,  0  ,  54  ,  2774422  ,  0  ,  0
10  ,  57  ,  0  ,  9  ,  2782163  ,  0  ,  0
9  ,  56  ,  1  ,  4  ,  2786353  ,  0  ,  0
9  ,  56  ,  0  ,  19  ,  2788765  ,  0  ,  0
6  ,  53  ,  1  ,  55  ,  2793700  ,  0  ,  0
3  ,  50  ,  1  ,  19  ,  2794115  ,  0  ,  0
10  ,  57  ,  1  ,  54  ,  2797962  ,  0  ,  0
0  ,  47  ,  1  ,  36  ,  2798705  ,  0  ,  0
0  ,  47  ,  0  ,  42  ,  2799884  ,  0  ,  0
3  ,  50  ,  0  ,  31  ,  2802894  ,  0  ,  0
6  ,  53  ,  0  ,  7  ,  2805667  ,  0  ,  0
10  ,  57  ,  0  ,  20  ,  2819814  ,  0  ,  0
0  ,  47  ,  1  ,  14  ,  2822914  ,  0  ,  0
24  ,  75  ,  1  ,  48  ,  2825673  ,  0  ,  0
14  ,  61  ,  1  ,  9  ,  2826033  ,  0  ,  0
0  ,  47  ,  0  ,  35  ,  2829716  ,  0  ,  0
14  ,  61  ,  0  ,  6  ,  2839889  ,  0  ,  0
24  ,  75  ,  0  ,  6  ,  2839889  ,  0  ,  0
0  ,  47  ,  1  ,  9  ,  2845293  ,  0  ,  0
1  ,  48  ,  1  ,  36  ,  2845785  ,  0  ,  0
0  ,  47  ,  0  ,  9  ,  2846363  ,  0  ,  0
1  ,  48  ,  0  ,  21  ,  2848722  ,  0  ,  0
1  ,  48  ,  1  ,  24  ,  2853056  ,  0  ,  0
24  ,  75  ,  1  ,  51  ,  2853547  ,  0  ,  0
0  ,  47  ,  1  ,  0  ,  2854760  ,  0  ,  0
1  ,  48  ,  0  ,  27  ,  2855251  ,  0  ,  0
0  ,  47  ,  0  ,  39  ,  2855469  ,  0  ,  0
24  ,  75  ,  0  ,  27  ,  2859531  ,  0  ,  0
0  ,  47  ,  1  ,  2  ,  2861216  ,  0  ,  0
1  ,  48  ,  1  ,  17  ,  2862559  ,  0  ,  0
0  ,  47  ,  0  ,  40  ,  2862977  ,  0  ,  0
0  ,  47  ,  1  ,  51  ,  2864247  ,  0  ,  0
8  ,  55  ,  1  ,  59  ,  2864393  ,  0  ,  0
1  ,  48  ,  0  ,  5  ,  2864481  ,  0  ,  0
0  ,  47  ,  0  ,  40  ,  2866187  ,  0  ,  0
8  ,  55  ,  0  ,  9  ,  2878463  ,  0  ,  0
10  ,  57  ,  1  ,  30  ,  2882055  ,  0  ,  0
10  ,  57  ,  0  ,  34  ,  2882128  ,  0  ,  0
0  ,  47  ,  1  ,  7  ,  2888057  ,  0  ,  0
0  ,  47  ,  0  ,  7  ,  2889127  ,  0  ,  0
0  ,  47  ,  1  ,  14  ,  2892464  ,  0  ,  0
0  ,  47  ,  0  ,  14  ,  2893534  ,  0  ,  0
0  ,  47  ,  1  ,  25  ,  2895875  ,  0  ,  0
0  ,  47  ,  0  ,  34  ,  2897108  ,  0  ,  0
10  ,  57  ,  1  ,  19  ,  2897905  ,  0  ,  0
10  ,  57  ,  0  ,  53  ,  2908154  ,  0  ,  0
1  ,  48  ,  1  ,  51  ,  2911327  ,  0  ,  0
1  ,  48  ,  0  ,  19  ,  2918235  ,  0  ,  0
1  ,  48  ,  1  ,  48  ,  2926253  ,  0  ,  0
1  ,  48  ,  0  ,  6  ,  2927629  ,  0  ,  0
1  ,  48  ,  1  ,  18  ,  2931057  ,  0  ,  0
1  ,  48  ,  0  ,  39  ,  2932509  ,  0  ,  0
1  ,  48  ,  1  ,  10  ,  2937332  ,  0  ,  0
10  ,  57  ,  1  ,  3  ,  2940414  ,  0  ,  0
1  ,  48  ,  0  ,  19  ,  2941775  ,  0  ,  0
1  ,  48  ,  1  ,  53  ,  2944534  ,  0  ,  0
1  ,  48  ,  0  ,  50  ,  2945549  ,  0  ,  0
26  ,  77  ,  1  ,  35  ,  2950626  ,  0  ,  0
26  ,  77  ,  0  ,  23  ,  2951478  ,  0  ,  0
1  ,  48  ,  1  ,  7  ,  2952257  ,  0  ,  0
0  ,  47  ,  1  ,  10  ,  2956592  ,  0  ,  0
10  ,  57  ,  0  ,  16  ,  2957771  ,  0  ,  0
1  ,  48  ,  0  ,  49  ,  2969071  ,  0  ,  0
1  ,  48  ,  1  ,  2  ,  2971426  ,  0  ,  0
1  ,  48  ,  0  ,  47  ,  2972245  ,  0  ,  0
1  ,  48  ,  1  ,  7  ,  2972587  ,  0  ,  0
0  ,  47  ,  0  ,  36  ,  2974185  ,  0  ,  0
1  ,  48  ,  0  ,  22  ,  2975000  ,  0  ,  0
0  ,  47  ,  1  ,  40  ,  2976397  ,  0  ,  0
1  ,  48  ,  1  ,  34  ,  2977358  ,  0  ,  0
0  ,  47  ,  0  ,  16  ,  2978101  ,  0  ,  0
1  ,  48  ,  0  ,  43  ,  2978592  ,  0  ,  0
1  ,  48  ,  1  ,  22  ,  2982490  ,  0  ,  0
1  ,  48  ,  0  ,  31  ,  2983724  ,  0  ,  0
26  ,  77  ,  1  ,  35  ,  2983796  ,  0  ,  0
10  ,  57  ,  1  ,  13  ,  2984466  ,  0  ,  0
26  ,  77  ,  0  ,  47  ,  2985085  ,  0  ,  0
1  ,  48  ,  1  ,  35  ,  2985936  ,  0  ,  0
1  ,  48  ,  0  ,  23  ,  2986788  ,  0  ,  0
1  ,  48  ,  1  ,  10  ,  2987622  ,  0  ,  0
1  ,  48  ,  0  ,  10  ,  2988692  ,  0  ,  0
1  ,  48  ,  1  ,  28  ,  3001859  ,  0  ,  0
10  ,  57  ,  0  ,  48  ,  3006503  ,  0  ,  0
6  ,  53  ,  1  ,  40  ,  3011707  ,  0  ,  0
3  ,  50  ,  1  ,  13  ,  3012286  ,  0  ,  0
3  ,  50  ,  0  ,  17  ,  3018779  ,  0  ,  0
6  ,  53  ,  0  ,  1  ,  3020628  ,  0  ,  0
10  ,  57  ,  1  ,  21  ,  3030622  ,  0  ,  0
1  ,  48  ,  0  ,  37  ,  3030913  ,  0  ,  0
6  ,  53  ,  1  ,  43  ,  3034232  ,  0  ,  0
3  ,  50  ,  1  ,  4  ,  3034593  ,  0  ,  0
1  ,  48  ,  1  ,  19  ,  3039145  ,  0  ,  0
1  ,  48  ,  0  ,  4  ,  3041013  ,  0  ,  0
1  ,  48  ,  1  ,  16  ,  3042301  ,  0  ,  0
1  ,  48  ,  0  ,  34  ,  3042628  ,  0  ,  0
1  ,  48  ,  1  ,  52  ,  3042956  ,  0  ,  0
1  ,  48  ,  0  ,  16  ,  3043371  ,  0  ,  0
1  ,  48  ,  1  ,  43  ,  3043862  ,  0  ,  0
1  ,  48  ,  0  ,  13  ,  3044386  ,  0  ,  0
10  ,  57  ,  0  ,  0  ,  3046290  ,  0  ,  0
8  ,  55  ,  1  ,  20  ,  3046654  ,  0  ,  0
1  ,  48  ,  1  ,  8  ,  3051785  ,  0  ,  0
3  ,  50  ,  0  ,  46  ,  3056757  ,  0  ,  0
6  ,  53  ,  0  ,  14  ,  3059384  ,  0  ,  0
8  ,  55  ,  0  ,  11  ,  3071100  ,  0  ,  0
0  ,  47  ,  1  ,  29  ,  3071427  ,  0  ,  0
0  ,  47  ,  0  ,  43  ,  3072752  ,  0  ,  0
0  ,  47  ,  1  ,  15  ,  3073313  ,  0  ,  0
10  ,  57  ,  1  ,  12  ,  3074328  ,  0  ,  0
10  ,  57  ,  0  ,  32  ,  3074692  ,  0  ,  0
0  ,  47  ,  0  ,  53  ,  3076144  ,  0  ,  0
0  ,  47  ,  1  ,  20  ,  3076614  ,  0  ,  0
0  ,  47  ,  0  ,  38  ,  3078011  ,  0  ,  0
0  ,  47  ,  1  ,  18  ,  3078717  ,  0  ,  0
0  ,  47  ,  0  ,  48  ,  3080333  ,  0  ,  0
0  ,  47  ,  1  ,  8  ,  3080675  ,  0  ,  0
1  ,  48  ,  0  ,  30  ,  3081075  ,  0  ,  0
0  ,  47  ,  0  ,  45  ,  3082418  ,  0  ,  0
0  ,  47  ,  1  ,  59  ,  3082673  ,  0  ,  0
0  ,  47  ,  0  ,  2  ,  3086986  ,  0  ,  0
0  ,  47  ,  1  ,  48  ,  3087823  ,  0  ,  0
10  ,  57  ,  1  ,  27  ,  3088511  ,  0  ,  0
0  ,  47  ,  0  ,  39  ,  3090869  ,  0  ,  0
1  ,  48  ,  1  ,  15  ,  3092573  ,  0  ,  0
1  ,  48  ,  0  ,  9  ,  3095673  ,  0  ,  0
1  ,  48  ,  1  ,  35  ,  3098286  ,  0  ,  0
26  ,  77  ,  1  ,  48  ,  3099593  ,  0  ,  0
26  ,  77  ,  0  ,  51  ,  3100717  ,  0  ,  0
1  ,  48  ,  0  ,  2  ,  3100896  ,  0  ,  0
10  ,  57  ,  0  ,  4  ,  3104143  ,  0  ,  0
0  ,  47  ,  1  ,  43  ,  3105922  ,  0  ,  0
0  ,  47  ,  0  ,  58  ,  3114755  ,  0  ,  0
2  ,  49  ,  1  ,  18  ,  3122587  ,  0  ,  0
2  ,  49  ,  0  ,  36  ,  3122915  ,  0  ,  0
1  ,  48  ,  1  ,  45  ,  3128428  ,  0  ,  0
1  ,  48  ,  0  ,  46  ,  3145567  ,  0  ,  0
0  ,  47  ,  1  ,  49  ,  3152041  ,  0  ,  0
10  ,  57  ,  1  ,  46  ,  3153057  ,  0  ,  0
0  ,  47  ,  0  ,  1  ,  3153308  ,  0  ,  0
0  ,  47  ,  1  ,  39  ,  3153999  ,  0  ,  0
0  ,  47  ,  0  ,  33  ,  3154960  ,  0  ,  0
0  ,  47  ,  1  ,  46  ,  3165897  ,  0  ,  0
10  ,  57  ,  0  ,  12  ,  3166348  ,  0  ,  0
1  ,  48  ,  1  ,  24  ,  3167636  ,  0  ,  0
10  ,  57  ,  1  ,  35  ,  3174256  ,  0  ,  0
6  ,  53  ,  1  ,  50  ,  3174529  ,  0  ,  0
3  ,  50  ,  1  ,  21  ,  3175072  ,  0  ,  0
3  ,  50  ,  0  ,  33  ,  3175290  ,  0  ,  0
3  ,  50  ,  1  ,  6  ,  3175869  ,  0  ,  0
3  ,  50  ,  0  ,  15  ,  3176033  ,  0  ,  0
3  ,  50  ,  1  ,  54  ,  3176742  ,  0  ,  0
3  ,  50  ,  0  ,  9  ,  3176993  ,  0  ,  0
3  ,  50  ,  1  ,  33  ,  3177430  ,  0  ,  0
3  ,  50  ,  0  ,  39  ,  3177539  ,  0  ,  0
3  ,  50  ,  1  ,  0  ,  3177900  ,  0  ,  0
3  ,  50  ,  0  ,  54  ,  3178882  ,  0  ,  0
1  ,  48  ,  0  ,  27  ,  3179461  ,  0  ,  0
0  ,  47  ,  0  ,  51  ,  3180967  ,  0  ,  0
0  ,  47  ,  1  ,  53  ,  3181004  ,  0  ,  0
3  ,  50  ,  1  ,  48  ,  3181983  ,  0  ,  0
3  ,  50  ,  0  ,  6  ,  3182289  ,  0  ,  0
0  ,  47  ,  0  ,  9  ,  3184483  ,  0  ,  0
6  ,  53  ,  0  ,  42  ,  3192574  ,  0  ,  0
0  ,  47  ,  1  ,  59  ,  3192883  ,  0  ,  0
10  ,  57  ,  0  ,  8  ,  3196235  ,  0  ,  0
1  ,  48  ,  1  ,  42  ,  3198994  ,  0  ,  0
6  ,  53  ,  1  ,  15  ,  3199573  ,  0  ,  0
3  ,  50  ,  1  ,  36  ,  3199955  ,  0  ,  0
3  ,  50  ,  0  ,  13  ,  3204886  ,  0  ,  0
1  ,  48  ,  0  ,  3  ,  3205774  ,  0  ,  0
6  ,  53  ,  0  ,  42  ,  3207554  ,  0  ,  0
1  ,  48  ,  1  ,  46  ,  3207627  ,  0  ,  0
0  ,  47  ,  0  ,  11  ,  3209130  ,  0  ,  0
1  ,  48  ,  0  ,  58  ,  3209985  ,  0  ,  0
1  ,  48  ,  1  ,  43  ,  3210782  ,  0  ,  0
1  ,  48  ,  0  ,  52  ,  3213086  ,  0  ,  0
1  ,  48  ,  1  ,  11  ,  3213410  ,  0  ,  0
1  ,  48  ,  0  ,  28  ,  3215859  ,  0  ,  0
0  ,  47  ,  1  ,  0  ,  3218560  ,  0  ,  0
0  ,  47  ,  0  ,  3  ,  3227174  ,  0  ,  0
0  ,  47  ,  1  ,  20  ,  3234974  ,  0  ,  0
0  ,  47  ,  0  ,  35  ,  3236316  ,  0  ,  0
0  ,  47  ,  1  ,  42  ,  3236444  ,  0  ,  0
0  ,  47  ,  0  ,  14  ,  3238074  ,  0  ,  0
1  ,  48  ,  1  ,  1  ,  3238908  ,  0  ,  0
0  ,  47  ,  1  ,  11  ,  3239090  ,  0  ,  0
26  ,  77  ,  1  ,  15  ,  3240233  ,  0  ,  0
0  ,  47  ,  0  ,  35  ,  3240596  ,  0  ,  0
26  ,  77  ,  0  ,  51  ,  3240887  ,  0  ,  0
1  ,  48  ,  0  ,  1  ,  3241048  ,  0  ,  0
0  ,  47  ,  1  ,  15  ,  3243443  ,  0  ,  0
0  ,  47  ,  0  ,  21  ,  3244622  ,  0  ,  0
1  ,  48  ,  1  ,  18  ,  3247777  ,  0  ,  0
1  ,  48  ,  0  ,  24  ,  3248956  ,  0  ,  0
24  ,  75  ,  1  ,  18  ,  3256337  ,  0  ,  0
2  ,  49  ,  1  ,  32  ,  3256592  ,  0  ,  0
1  ,  48  ,  1  ,  36  ,  3258805  ,  0  ,  0
1  ,  48  ,  0  ,  42  ,  3259984  ,  0  ,  0
1  ,  48  ,  1  ,  51  ,  3262287  ,  0  ,  0
1  ,  48  ,  0  ,  48  ,  3263303  ,  0  ,  0
2  ,  49  ,  0  ,  56  ,  3265588  ,  0  ,  0
24  ,  75  ,  0  ,  0  ,  3268850  ,  0  ,  0
0  ,  47  ,  1  ,  56  ,  3275218  ,  0  ,  0
0  ,  47  ,  0  ,  40  ,  3289907  ,  0  ,  0
1  ,  48  ,  1  ,  15  ,  3295873  ,  0  ,  0
26  ,  77  ,  1  ,  43  ,  3297452  ,  0  ,  0
26  ,  77  ,  0  ,  7  ,  3297867  ,  0  ,  0
1  ,  48  ,  0  ,  33  ,  3298340  ,  0  ,  0
14  ,  61  ,  1  ,  35  ,  3327266  ,  0  ,  0
24  ,  75  ,  1  ,  35  ,  3327266  ,  0  ,  0
6  ,  53  ,  1  ,  20  ,  3332344  ,  0  ,  0
3  ,  50  ,  1  ,  39  ,  3332689  ,  0  ,  0
14  ,  61  ,  0  ,  33  ,  3335790  ,  0  ,  0
24  ,  75  ,  0  ,  33  ,  3335790  ,  0  ,  0
3  ,  50  ,  0  ,  3  ,  3336314  ,  0  ,  0
6  ,  53  ,  0  ,  20  ,  3338764  ,  0  ,  0
1  ,  48  ,  1  ,  15  ,  3344023  ,  0  ,  0
1  ,  48  ,  0  ,  6  ,  3347069  ,  0  ,  0
1  ,  48  ,  1  ,  31  ,  3348594  ,  0  ,  0
1  ,  48  ,  0  ,  49  ,  3351061  ,  0  ,  0
6  ,  53  ,  1  ,  35  ,  3357226  ,  0  ,  0
3  ,  50  ,  1  ,  58  ,  3357645  ,  0  ,  0
0  ,  47  ,  1  ,  37  ,  3362613  ,  0  ,  0
3  ,  50  ,  0  ,  4  ,  3364153  ,  0  ,  0
1  ,  48  ,  1  ,  37  ,  3365823  ,  0  ,  0
6  ,  53  ,  0  ,  15  ,  3367563  ,  0  ,  0
1  ,  48  ,  0  ,  31  ,  3380694  ,  0  ,  0
0  ,  47  ,  0  ,  45  ,  3384158  ,  0  ,  0
0  ,  47  ,  1  ,  48  ,  3389563  ,  0  ,  0
0  ,  47  ,  0  ,  6  ,  3390939  ,  0  ,  0
1  ,  48  ,  1  ,  58  ,  3391885  ,  0  ,  0
1  ,  48  ,  0  ,  16  ,  3393261  ,  0  ,  0
1  ,  48  ,  1  ,  9  ,  3395274  ,  0  ,  0
1  ,  48  ,  0  ,  15  ,  3396453  ,  0  ,  0
10  ,  57  ,  1  ,  42  ,  3400154  ,  0  ,  0
10  ,  57  ,  0  ,  35  ,  3409656  ,  0  ,  0
1  ,  48  ,  1  ,  56  ,  3416458  ,  0  ,  0
1  ,  48  ,  0  ,  14  ,  3419974  ,  0  ,  0
8  ,  55  ,  1  ,  10  ,  3426322  ,  0  ,  0
8  ,  55  ,  0  ,  39  ,  3436479  ,  0  ,  0
1  ,  48  ,  1  ,  41  ,  3436516  ,  0  ,  0
26  ,  77  ,  1  ,  12  ,  3438128  ,  0  ,  0
26  ,  77  ,  0  ,  39  ,  3439689  ,  0  ,  0
10  ,  57  ,  1  ,  2  ,  3440086  ,  0  ,  0
1  ,  48  ,  0  ,  11  ,  3440250  ,  0  ,  0
10  ,  57  ,  0  ,  17  ,  3440359  ,  0  ,  0
0  ,  47  ,  1  ,  34  ,  3446018  ,  0  ,  0
0  ,  47  ,  0  ,  49  ,  3447361  ,  0  ,  0
1  ,  48  ,  1  ,  49  ,  3461271  ,  0  ,  0
1  ,  48  ,  0  ,  49  ,  3462341  ,  0  ,  0
24  ,  75  ,  1  ,  34  ,  3480258  ,  0  ,  0
2  ,  49  ,  1  ,  44  ,  3480440  ,  0  ,  0
2  ,  49  ,  0  ,  23  ,  3484338  ,  0  ,  0
0  ,  47  ,  1  ,  55  ,  3487060  ,  0  ,  0
24  ,  75  ,  0  ,  40  ,  3487857  ,  0  ,  0
10  ,  57  ,  1  ,  52  ,  3488076  ,  0  ,  0
10  ,  57  ,  0  ,  21  ,  3491792  ,  0  ,  0
6  ,  53  ,  1  ,  48  ,  3502983  ,  0  ,  0
3  ,  50  ,  1  ,  22  ,  3503580  ,  0  ,  0
1  ,  48  ,  1  ,  33  ,  3506990  ,  0  ,  0
1  ,  48  ,  0  ,  6  ,  3508639  ,  0  ,  0
0  ,  47  ,  0  ,  10  ,  3508712  ,  0  ,  0
12  ,  59  ,  1  ,  26  ,  3514353  ,  0  ,  0
1  ,  48  ,  1  ,  54  ,  3518072  ,  0  ,  0
14  ,  61  ,  1  ,  59  ,  3519233  ,  0  ,  0
24  ,  75  ,  1  ,  59  ,  3519233  ,  0  ,  0
3  ,  50  ,  0  ,  31  ,  3519794  ,  0  ,  0
6  ,  53  ,  0  ,  43  ,  3522152  ,  0  ,  0
12  ,  59  ,  0  ,  38  ,  3523131  ,  0  ,  0
14  ,  61  ,  0  ,  5  ,  3523601  ,  0  ,  0
24  ,  75  ,  0  ,  5  ,  3523601  ,  0  ,  0
8  ,  55  ,  1  ,  47  ,  3524365  ,  0  ,  0
10  ,  57  ,  1  ,  50  ,  3527629  ,  0  ,  0
0  ,  47  ,  1  ,  22  ,  3528190  ,  0  ,  0
0  ,  47  ,  0  ,  10  ,  3533322  ,  0  ,  0
1  ,  48  ,  0  ,  39  ,  3535989  ,  0  ,  0
1  ,  48  ,  1  ,  42  ,  3546744  ,  0  ,  0
10  ,  57  ,  0  ,  9  ,  3547214  ,  0  ,  0
0  ,  47  ,  1  ,  15  ,  3555883  ,  0  ,  0
10  ,  57  ,  1  ,  50  ,  3558659  ,  0  ,  0
0  ,  47  ,  0  ,  30  ,  3560435  ,  0  ,  0
0  ,  47  ,  1  ,  52  ,  3561906  ,  0  ,  0
8  ,  55  ,  0  ,  55  ,  3563030  ,  0  ,  0
0  ,  47  ,  0  ,  33  ,  3564770  ,  0  ,  0
0  ,  47  ,  1  ,  37  ,  3568053  ,  0  ,  0
0  ,  47  ,  0  ,  19  ,  3569865  ,  0  ,  0
1  ,  48  ,  0  ,  0  ,  3573800  ,  0  ,  0
10  ,  57  ,  0  ,  20  ,  3588074  ,  0  ,  0
0  ,  47  ,  1  ,  51  ,  3588637  ,  0  ,  0
1  ,  48  ,  1  ,  0  ,  3589850  ,  0  ,  0
26  ,  77  ,  1  ,  22  ,  3591320  ,  0  ,  0
6  ,  53  ,  1  ,  20  ,  3594494  ,  0  ,  0
15  ,  62  ,  1  ,  20  ,  3594494  ,  0  ,  0
26  ,  77  ,  0  ,  46  ,  3594967  ,  0  ,  0
1  ,  48  ,  0  ,  51  ,  3595057  ,  0  ,  0
3  ,  50  ,  1  ,  51  ,  3595057  ,  0  ,  0
3  ,  50  ,  0  ,  0  ,  3595200  ,  0  ,  0
10  ,  57  ,  1  ,  53  ,  3596164  ,  0  ,  0
3  ,  50  ,  1  ,  24  ,  3596706  ,  0  ,  0
3  ,  50  ,  0  ,  33  ,  3596870  ,  0  ,  0
0  ,  47  ,  0  ,  51  ,  3600407  ,  0  ,  0
15  ,  62  ,  0  ,  14  ,  3600804  ,  0  ,  0
6  ,  53  ,  0  ,  38  ,  3601241  ,  0  ,  0
10  ,  57  ,  0  ,  0  ,  3612320  ,  0  ,  0
24  ,  75  ,  1  ,  28  ,  3626739  ,  0  ,  0
2  ,  49  ,  1  ,  46  ,  3627067  ,  0  ,  0
2  ,  49  ,  0  ,  25  ,  3638455  ,  0  ,  0
8  ,  55  ,  1  ,  29  ,  3638527  ,  0  ,  0
0  ,  47  ,  1  ,  8  ,  3640285  ,  0  ,  0
24  ,  75  ,  0  ,  31  ,  3640704  ,  0  ,  0
8  ,  55  ,  0  ,  38  ,  3650461  ,  0  ,  0
0  ,  47  ,  0  ,  4  ,  3656263  ,  0  ,  0
0  ,  47  ,  1  ,  17  ,  3656499  ,  0  ,  0
24  ,  75  ,  1  ,  46  ,  3657027  ,  0  ,  0
2  ,  49  ,  1  ,  56  ,  3657208  ,  0  ,  0
1  ,  48  ,  1  ,  30  ,  3657806  ,  0  ,  0
0  ,  47  ,  0  ,  34  ,  3658948  ,  0  ,  0
1  ,  48  ,  0  ,  37  ,  3662213  ,  0  ,  0
0  ,  47  ,  1  ,  38  ,  3668651  ,  0  ,  0
0  ,  47  ,  0  ,  41  ,  3669776  ,  0  ,  0
2  ,  49  ,  0  ,  59  ,  3676523  ,  0  ,  0
0  ,  47  ,  1  ,  15  ,  3676793  ,  0  ,  0
24  ,  75  ,  0  ,  56  ,  3679678  ,  0  ,  0
8  ,  55  ,  1  ,  12  ,  3683158  ,  0  ,  0
0  ,  47  ,  0  ,  9  ,  3688454  ,  0  ,  0
9  ,  56  ,  1  ,  11  ,  3690630  ,  0  ,  0
8  ,  55  ,  0  ,  55  ,  3704270  ,  0  ,  0
24  ,  75  ,  1  ,  11  ,  3705610  ,  0  ,  0
2  ,  49  ,  1  ,  27  ,  3705901  ,  0  ,  0
9  ,  56  ,  0  ,  31  ,  3709184  ,  0  ,  0
2  ,  49  ,  0  ,  3  ,  3710814  ,  0  ,  0
24  ,  75  ,  0  ,  21  ,  3714352  ,  0  ,  0
10  ,  57  ,  1  ,  41  ,  3724346  ,  0  ,  0
24  ,  75  ,  1  ,  18  ,  3729277  ,  0  ,  0
2  ,  49  ,  1  ,  33  ,  3729550  ,  0  ,  0
0  ,  47  ,  1  ,  16  ,  3735661  ,  0  ,  0
1  ,  48  ,  1  ,  19  ,  3735715  ,  0  ,  0
1  ,  48  ,  0  ,  31  ,  3737004  ,  0  ,  0
1  ,  48  ,  1  ,  52  ,  3738456  ,  0  ,  0
26  ,  77  ,  1  ,  35  ,  3739216  ,  0  ,  0
26  ,  77  ,  0  ,  44  ,  3739380  ,  0  ,  0
1  ,  48  ,  0  ,  58  ,  3739635  ,  0  ,  0
0  ,  47  ,  0  ,  28  ,  3740159  ,  0  ,  0
0  ,  47  ,  1  ,  55  ,  3740650  ,  0  ,  0
2  ,  49  ,  0  ,  21  ,  3742172  ,  0  ,  0
0  ,  47  ,  0  ,  23  ,  3743278  ,  0  ,  0
14  ,  61  ,  1  ,  25  ,  3743315  ,  0  ,  0
0  ,  47  ,  1  ,  50  ,  3743769  ,  0  ,  0
1  ,  48  ,  1  ,  22  ,  3745400  ,  0  ,  0
0  ,  47  ,  0  ,  29  ,  3745527  ,  0  ,  0
14  ,  61  ,  0  ,  46  ,  3745837  ,  0  ,  0
1  ,  48  ,  0  ,  40  ,  3746797  ,  0  ,  0
2  ,  49  ,  1  ,  44  ,  3755430  ,  0  ,  0
1  ,  48  ,  1  ,  55  ,  3755630  ,  0  ,  0
2  ,  49  ,  0  ,  2  ,  3758946  ,  0  ,  0
10  ,  57  ,  0  ,  48  ,  3760853  ,  0  ,  0
0  ,  47  ,  1  ,  25  ,  3770065  ,  0  ,  0
24  ,  75  ,  0  ,  16  ,  3772041  ,  0  ,  0
6  ,  53  ,  1  ,  45  ,  3792898  ,  0  ,  0
3  ,  50  ,  1  ,  4  ,  3793223  ,  0  ,  0
24  ,  75  ,  1  ,  11  ,  3793350  ,  0  ,  0
2  ,  49  ,  1  ,  19  ,  3793495  ,  0  ,  0
3  ,  50  ,  0  ,  43  ,  3796072  ,  0  ,  0
2  ,  49  ,  0  ,  19  ,  3796705  ,  0  ,  0
6  ,  53  ,  0  ,  36  ,  3798085  ,  0  ,  0
24  ,  75  ,  0  ,  14  ,  3799824  ,  0  ,  0
1  ,  48  ,  0  ,  34  ,  3804468  ,  0  ,  0
24  ,  75  ,  1  ,  41  ,  3805666  ,  0  ,  0
14  ,  61  ,  1  ,  44  ,  3805720  ,  0  ,  0
14  ,  61  ,  0  ,  56  ,  3807008  ,  0  ,  0
1  ,  48  ,  1  ,  3  ,  3808184  ,  0  ,  0
10  ,  57  ,  1  ,  51  ,  3809058  ,  0  ,  0
1  ,  48  ,  0  ,  31  ,  3811904  ,  0  ,  0
1  ,  48  ,  1  ,  40  ,  3812067  ,  0  ,  0
0  ,  47  ,  0  ,  51  ,  3812268  ,  0  ,  0
1  ,  48  ,  0  ,  4  ,  3813553  ,  0  ,  0
24  ,  75  ,  0  ,  47  ,  3814335  ,  0  ,  0
6  ,  53  ,  1  ,  9  ,  3814714  ,  0  ,  0
0  ,  47  ,  1  ,  33  ,  3817290  ,  0  ,  0
0  ,  47  ,  0  ,  54  ,  3818742  ,  0  ,  0
0  ,  47  ,  1  ,  25  ,  3819285  ,  0  ,  0
0  ,  47  ,  0  ,  43  ,  3820682  ,  0  ,  0
6  ,  53  ,  0  ,  27  ,  3821461  ,  0  ,  0
0  ,  47  ,  1  ,  31  ,  3822604  ,  0  ,  0
24  ,  75  ,  1  ,  23  ,  3823528  ,  0  ,  0
2  ,  49  ,  1  ,  35  ,  3823746  ,  0  ,  0
0  ,  47  ,  0  ,  43  ,  3823892  ,  0  ,  0
0  ,  47  ,  1  ,  7  ,  3825377  ,  0  ,  0
8  ,  55  ,  1  ,  2  ,  3826356  ,  0  ,  0
0  ,  47  ,  0  ,  34  ,  3826938  ,  0  ,  0
0  ,  47  ,  1  ,  7  ,  3827517  ,  0  ,  0
0  ,  47  ,  0  ,  16  ,  3828751  ,  0  ,  0
0  ,  47  ,  1  ,  1  ,  3830618  ,  0  ,  0
0  ,  47  ,  0  ,  13  ,  3831906  ,  0  ,  0
1  ,  48  ,  1  ,  13  ,  3832976  ,  0  ,  0
1  ,  48  ,  0  ,  7  ,  3833937  ,  0  ,  0
0  ,  47  ,  1  ,  9  ,  3836114  ,  0  ,  0
0  ,  47  ,  0  ,  33  ,  3837620  ,  0  ,  0
12  ,  59  ,  1  ,  27  ,  3846071  ,  0  ,  0
12  ,  59  ,  0  ,  33  ,  3847250  ,  0  ,  0
0  ,  47  ,  1  ,  51  ,  3847578  ,  0  ,  0
2  ,  49  ,  0  ,  53  ,  3848684  ,  0  ,  0
10  ,  57  ,  0  ,  57  ,  3850897  ,  0  ,  0
